0.0
0.0
0.0
0.0
0.0
0.0
0.0
0.0
0.0
0.0
0.0
0.0
0.0
0.0
0.0
0.0
0.0
0.0
0.0
0.0
0.0
0.0
0.0
0.0
0.0
0.0
0.0
0.0
0.0
0.0
0.0
0.0
0.0
0.0
0.0
0.0
0.0
0.0
0.0
0.0
0.0
0.0
0.0
0.0
0.0
0.0
0.0
0.0
0.0
0.0
0.0
0.0
0.0
0.0
0.0
0.0
0.0
0.0
0.0
0.0
0.0
0.0
0.0
0.0
0.0
0.0
0.0
0.0
0.0
0.0
0.0
0.0
0.0
0.0
0.0
0.0
0.0
0.0
0.0
0.0
0.0
0.0
0.0
0.0
0.0
0.0
0.0
0.0
0.0
0.0
0.0
0.0
0.0
0.0
0.0
0.0
0.0
0.0
0.0
0.0
0.0
0.0
0.0
0.0
0.0
0.0
0.0
0.0
0.0
0.0
0.0
0.0
0.0
0.0
0.0
0.0
0.0
0.0
0.0
0.0
0.0
0.0
0.0
0.0
0.0
0.0
0.0
0.0
0.0
0.0
0.0
0.0
0.0
0.0
0.0
0.0
0.0
0.0
0.0
0.0
0.0
0.0
0.0
0.0
0.0
0.0
0.0
0.0
0.0
0.0
-0.15816776681711275
0.0
-0.12495853894562799
-0.12495853894562799
-0.3190682375394986
-0.2801080227476966
0.0
0.0
0.0
0.0
0.0
0.0
0.0
0.0
0.0
0.0
0.0
0.0
0.0
0.0
0.0
0.0
0.0
-0.660447504988126
-1.07452579967264
-0.8303551704963512
0.0
0.0
0.0
0.0
0.0
0.0
0.0
-0.17320020575398187
-0.5617782407370675
-0.9363217647845996
-1.1533940975957844
-1.2823513375053848
-1.7949328792323187
-3.1433553899619966
-3.3692053911797015
0.0
0.0
0.0
-1.188456994465941
-2.3986919474732424
0.0
-1.8013989240201274
-3.5695549688062016
-5.3709538928263285
-7.092296323868321
-7.990624021509209
-9.722793359959491
-11.563303587169857
-13.284646018211848
-15.011433449989546
-15.278598598884729
-12.419901924581943
-11.413068186409893
-10.06540049476625
-2.26208655495196
-2.1088261381996674
-2.6988818022734216
-2.5947727282674196
0.0
0.0
0.0
-0.7898531235296409
-1.8607706165131195
-3.377249813099864
-4.840776059444193
-5.418817394776524
-6.838051427888299
-8.190259219457232
-7.737318569795102
-7.12264888098783
-8.202781286975474
-9.752886514835442
0.0
0.0
0.0
-0.13693042942774936
-1.405208546263586
-0.9770863908201184
0.0
0.0
0.0
0.0
-0.9879566455002851
0.0
-1.335407186289529
0.0
-0.7653383851560771
0.0
-0.6031829765306133
0.0
-0.5759711957987349
0.0
-0.7199192347266535
-1.9637915269188526
-2.7998511974494686
0.0
0.0
0.0
0.0
0.0
0.0
0.0
0.0
0.0
0.0
0.0
0.0
-0.6969664148398116
0.0
-0.18318229317415227
-0.18318229317415227
-0.18318229317415227
-0.18318229317415227
-0.6409122681480878
-1.3107558486681374
-2.0427997727436016
-2.0427997727436016
-2.302529549270504
-2.005254521174422
-1.931997181025507
-1.4493879569397898
0.0
0.0
-0.04731072495535593
-0.42040172212809807
-0.9483212411387993
-1.5719703519480717
-2.3010372766582687
0.0
0.0
0.0
0.0
0.0
0.0
0.0
0.0
0.0
0.0
0.0
0.0
0.0
0.0
0.0
0.0
0.0
0.0
0.0
0.0
0.0
0.0
0.0
0.0
0.0
0.0
0.0
0.0
0.0
0.0
0.0
0.0
0.0
0.0
0.0
0.0
0.0
0.0
0.0
0.0
0.0
0.0
0.0
0.0
0.0
0.0
0.0
0.0
0.0
0.0
0.0
0.0
0.0
0.0
0.0
0.0
0.0
0.0
0.0
0.0
0.0
0.0
0.0
0.0
0.0
0.0
0.0
0.0
0.0
0.0
0.0
0.0
0.0
0.0
0.0
0.0
0.0
0.0
0.0
0.0
0.0
0.0
0.0
0.0
0.0
0.0
0.0
0.0
0.0
0.0
0.0
0.0
0.0
0.0
0.0
0.0
0.0
0.0
0.0
0.0
0.0
0.0
0.0
0.0
0.0
0.0
0.0
0.0
0.0
0.0
0.0
0.0
0.0
0.0
0.0
0.0
0.0
0.0
0.0
0.0
0.0
0.0
0.0
0.0
0.0
0.0
0.0
0.0
0.0
0.0
0.0
0.0
0.0
0.0
0.0
0.0
0.0
0.0
0.0
0.0
0.0
0.0
0.0
0.0
0.0
0.0
0.0
0.0
0.0
0.0
0.0
0.0
0.0
0.0
0.0
0.0
0.0
0.0
0.0
0.0
0.0
0.0
0.0
0.0
0.0
0.0
0.0
0.0
0.0
0.0
0.0
0.0
0.0
0.0
0.0
0.0
0.0
0.0
0.0
0.0
0.0
0.0
0.0
0.0
0.0
0.0
0.0
0.0
0.0
0.0
0.0
0.0
0.0
0.0
0.0
0.0
0.0
0.0
0.0
0.0
0.0
0.0
0.0
0.0
-0.19089990941419938
-0.19089990941419938
0.0
0.0
0.0
0.0
0.0
0.0
0.0
0.0
-0.11558830674633092
0.0
0.0
-0.08161730528950095
0.0
0.0
0.0
0.0
0.0
0.0
0.0
0.0
0.0
0.0
0.0
0.0
0.0
0.0
0.0
0.0
0.0
0.0
0.0
0.0
-0.3789975639482863
-1.205089790084131
-1.080295028923038
-1.4919525970904326
-2.3668724589512387
-2.9395191218507
-3.2771370759321785
-4.190352322973222
-5.087851319356581
-4.884103010756388
-1.618372565134711
0.0
0.0
0.0
0.0
0.0
-0.5712490170756379
-0.19918457793214484
0.0
0.0
0.0
-1.0930473759442658
0.0
0.0
-0.04582978469937729
-0.6196796439288936
0.0
0.0
0.0
-0.8578626805426496
-2.024988304744102
-2.621595117912449
-3.004244592777947
-1.605140264393647
-2.390341334138537
-1.4843750581690618
-2.3188118533352773
0.0
-0.07309713839127019
0.0
-1.1218855518382125
0.0
0.0
0.0
-0.8870091589113711
-2.0899564897157896
-2.8875768084275806
-3.793546789109632
-4.37106608284387
-5.105888224121203
-6.702022076260457
-8.27948419031885
-9.783570893215575
-11.115784364905704
-12.235496053357066
-13.430953241313624
-14.775729399927755
-16.179255052284127
-17.69828100314265
-10.188654362637667
-10.97018746844682
0.0
-1.5685545315012739
-3.159440857286927
0.0
0.0
0.0
-1.2235335976868593
-2.6445337613329882
-4.183131186283507
-5.7456674629718485
0.0
0.0
0.0
0.0
-1.3341954986015685
0.0
-0.8618088486436897
-2.085933359325769
0.0
0.0
0.0
-1.2396051056096318
-2.6079079272554173
0.0
-1.7011175716825293
-3.101177606004706
-4.410103271417603
0.0
-1.2588951534941197
-2.5628638164889557
-3.170906565665174
0.0
0.0
-0.9982506174688175
-1.8961527523983865
-2.8879962935869297
-3.950707375971316
-1.3690774604588145
-1.5435495085547895
-1.4749772810618749
-1.466856962956233
-1.466856962956233
-1.466856962956233
-1.466856962956233
0.0
-0.22396336501960015
0.0
0.0
0.0
-0.17447204809597494
-0.3800994828580864
0.0
0.0
0.0
-0.2668143114950703
-0.8281162055671336
-0.6872814529733114
0.0
0.0
-0.17965146866849213
-0.8445150631158189
-1.3678741122483238
-1.964786686782598
-2.6674673611250057
-3.4022655495829595
-4.013315967582254
-4.821341037950764
-5.645570053135241
-6.439534638924185
-7.228063448900962
-8.05229246408544
-8.739675482963005
-9.245183930127794
-9.245183930127794
-9.245183930127794
-9.96846891322411
-9.800199703393643
-8.13598763685801
-7.803599341517847
-7.859321032205467
-8.344418488750302
-9.121962687981137
-8.803084077211002
-5.284848674767661
-5.4196767501168726
-4.564454320262452
-4.333980928749612
-4.333980928749612
-4.04190039667708
-3.3420762175349337
0.0
0.0
0.0
0.0
0.0
0.0
0.0
0.0
0.0
0.0
0.0
0.0
0.0
0.0
0.0
0.0
0.0
0.0
0.0
0.0
0.0
0.0
0.0
0.0
0.0
0.0
0.0
0.0
0.0
0.0
0.0
0.0
0.0
0.0
0.0
0.0
0.0
0.0
0.0
0.0
0.0
0.0
0.0
0.0
0.0
0.0
0.0
0.0
0.0
0.0
0.0
0.0
0.0
0.0
0.0
0.0
0.0
0.0
0.0
0.0
0.0
0.0
0.0
0.0
0.0
0.0
0.0
0.0
0.0
0.0
0.0
0.0
0.0
0.0
0.0
0.0
0.0
0.0
0.0
0.0
0.0
0.0
0.0
0.0
0.0
0.0
0.0
0.0
0.0
0.0
0.0
0.0
0.0
0.0
0.0
0.0
0.0
0.0
0.0
0.0
0.0
0.0
0.0
0.0
0.0
0.0
0.0
0.0
0.0
0.0
0.0
0.0
0.0
0.0
0.0
0.0
0.0
0.0
0.0
0.0
0.0
0.0
0.0
0.0
0.0
0.0
0.0
0.0
0.0
0.0
0.0
0.0
0.0
0.0
0.0
0.0
0.0
0.0
0.0
0.0
0.0
0.0
0.0
0.0
0.0
0.0
0.0
0.0
0.0
0.0
0.0
0.0
0.0
0.0
0.0
0.0
0.0
0.0
0.0
0.0
0.0
0.0
0.0
0.0
0.0
0.0
0.0
0.0
0.0
0.0
0.0
0.0
0.0
0.0
0.0
0.0
0.0
0.0
0.0
0.0
0.0
0.0
0.0
0.0
0.0
0.0
0.0
0.0
0.0
0.0
0.0
0.0
0.0
0.0
0.0
0.0
0.0
0.0
0.0
0.0
0.0
0.0
0.0
0.0
0.0
0.0
0.0
0.0
0.0
-0.05823110611397936
-0.20760825945956257
0.0
0.0
0.0
0.0
0.0
-0.23947122440772034
0.0
0.0
0.0
0.0
0.0
0.0
0.0
0.0
0.0
0.0
0.0
0.0
0.0
0.0
0.0
0.0
0.0
0.0
-0.24964417940399208
-0.6679974133214182
0.0
-0.3916830493813946
0.0
0.0
0.0
0.0
0.0
0.0
0.0
0.0
-0.05607514334717423
0.0
-0.4961867706407409
0.0
0.0
0.0
0.0
-0.521496135107
0.0
0.0
-0.7594360331258756
-1.41677902402266
0.0
0.0
0.0
0.0
0.0
-0.638631707973941
0.0
0.0
0.0
-1.0900828983316997
-1.696488819845377
0.0
-0.45607577733853627
0.0
0.0
0.0
0.0
0.0
0.0
-1.0304758451953677
0.0
-1.0111194645121928
-2.071971838212283
-0.7629935503521135
0.0
0.0
0.0
-0.986747721217421
-1.7318959738428417
-2.4174586427540223
-2.9927037383610466
-4.019662815354574
-5.030826787662038
-2.8870421717666983
0.0
0.0
-0.6794802959890474
-1.1086045551986865
0.0
0.0
0.0
0.0
-0.8892803705435881
-2.2062453697569286
-3.556553089858905
-2.7018659052353287
0.0
-0.3618909195536786
0.0
-1.1318177588619134
-2.452447789453286
-3.7334755681401006
-0.42118510698394296
-1.6114561056787535
-2.8171898421621293
0.0
0.0
0.0
0.0
0.0
-0.3246927031303716
-0.3246927031303716
-0.49168749646807197
-0.48365531391182714
-1.5320124602815348
-2.8038214686945686
-2.985431089312742
-1.668643515735965
-1.6853299772914778
-1.000553276947513
-1.6192118792540109
-1.4984233640012017
-1.6475374290434133
-1.4414306856548984
-1.6931485924809202
-2.4583309239162183
-3.5119104841612048
-4.311459665665321
-5.394663432945418
-6.11236570094241
-4.677104621329731
-5.1216202517255
0.0
-0.4076435159456651
0.0
0.0
0.0
0.0
0.0
0.0
0.0
0.0
0.0
0.0
0.0
0.0
-0.148474410035087
-0.42676374763858316
-0.42676374763858316
-0.7259443843827174
-1.042044851561448
-1.2253541714949943
-0.5211369134166418
0.0
-0.13803617013872055
0.0
-0.4351678914539213
-0.6113997986531563
-0.9875906910671317
-0.9400126541869742
0.0
0.0
0.0
0.0
0.0
0.0
0.0
0.0
0.0
0.0
0.0
0.0
0.0
0.0
0.0
0.0
0.0
0.0
0.0
0.0
0.0
0.0
0.0
0.0
0.0
0.0
0.0
0.0
0.0
0.0
0.0
0.0
0.0
0.0
0.0
0.0
0.0
0.0
0.0
0.0
0.0
0.0
0.0
0.0
0.0
0.0
0.0
0.0
0.0
0.0
0.0
0.0
0.0
0.0
0.0
0.0
0.0
0.0
0.0
0.0
0.0
0.0
0.0
0.0
0.0
0.0
0.0
0.0
0.0
0.0
0.0
0.0
0.0
0.0
0.0
0.0
0.0
0.0
0.0
0.0
0.0
0.0
0.0
0.0
0.0
0.0
0.0
0.0
0.0
0.0
0.0
0.0
0.0
0.0
0.0
0.0
0.0
0.0
0.0
0.0
0.0
0.0
0.0
0.0
0.0
0.0
0.0
0.0
0.0
0.0
0.0
0.0
0.0
0.0
0.0
0.0
0.0
0.0
0.0
0.0
0.0
0.0
0.0
0.0
0.0
0.0
0.0
0.0
0.0
0.0
0.0
0.0
0.0
0.0
0.0
0.0
0.0
0.0
0.0
0.0
0.0
0.0
0.0
0.0
0.0
0.0
0.0
0.0
0.0
0.0
0.0
0.0
0.0
0.0
0.0
0.0
0.0
0.0
0.0
0.0
0.0
0.0
0.0
0.0
0.0
0.0
0.0
0.0
0.0
0.0
0.0
0.0
0.0
0.0
0.0
0.0
0.0
0.0
0.0
0.0
0.0
0.0
0.0
0.0
0.0
0.0
0.0
0.0
0.0
0.0
0.0
0.0
0.0
0.0
0.0
0.0
0.0
0.0
0.0
0.0
0.0
0.0
0.0
0.0
0.0
0.0
0.0
0.0
0.0
0.0
0.0
0.0
0.0
0.0
0.0
0.0
0.0
0.0
0.0
0.0
0.0
0.0
0.0
0.0
0.0
0.0
0.0
0.0
0.0
0.0
0.0
0.0
0.0
0.0
0.0
0.0
0.0
0.0
0.0
0.0
0.0
0.0
0.0
0.0
-0.35931354064013
-1.0663678120452864
-1.5783513715980044
-1.9808373766765228
-2.3132089112069707
-1.8674084614123538
-0.6077207135874632
0.0
0.0
-0.9576838853853982
-2.617412335781852
0.0
-1.4359815953631256
0.0
0.0
0.0
0.0
0.0
-0.9654261566238711
-2.66186009538995
-4.471673964354844
-6.277541511315251
-7.920329790689285
-3.26489268233437
-4.599112957586485
-5.933333232838599
-7.422027348102619
-8.906476994387528
-10.407554614699063
-9.70893733781911
-10.644625583984144
-2.860480804553802
-2.840233945538608
0.0
-0.8421101627645975
-2.227388684724737
0.0
-0.8192344417858268
-1.2732850426839595
0.0
0.0
-0.5426632488185689
-1.9410741313574529
-3.2889162405767083
-2.6439140629267497
0.0
-1.2926134447799993
-2.763965117236437
0.0
0.0
0.0
0.0
0.0
0.0
0.0
0.0
-0.42877982207505944
-1.1831260168512745
-1.8124105919315827
-2.328538589521287
-2.9789181766535644
-3.867085712885985
-4.914948885267622
-6.0729532935230806
-3.3586658624274475
-4.186624109485068
-4.411240986096445
-5.063441227895985
-6.2664958814691705
-7.419277526564966
-8.621440124162309
-1.2738860152747984
0.0
-0.6874713274444244
-1.8735926749934761
-2.9514368683171828
-4.114485602857757
-5.2962371639315
-6.3074346544902875
-6.774849460201043
-7.725227374410125
-7.632263355179733
-5.1744800267768785
-0.3656161670936884
0.0
0.0
0.0
0.0
0.0
0.0
0.0
0.0
0.0
0.0
-0.0072685313206998226
0.0
0.0
0.0
-0.1402938754379323
-0.3781154522912818
0.0
-0.044927225857627595
0.0
0.0
-0.012011952916258927
-0.07294822953000715
-0.07294822953000715
0.0
-0.20148826142252174
-0.41999150225758275
-0.6089202264216195
-0.7574148137970271
-0.8338632398118226
0.0
0.0
-0.010226690189255308
-0.010226690189255308
0.0
0.0
0.0
0.0
0.0
0.0
0.0
0.0
0.0
0.0
0.0
0.0
0.0
0.0
0.0
0.0
0.0
0.0
0.0
0.0
0.0
0.0
0.0
0.0
0.0
0.0
0.0
0.0
0.0
0.0
0.0
0.0
0.0
0.0
0.0
0.0
0.0
0.0
0.0
0.0
0.0
0.0
0.0
0.0
0.0
0.0
0.0
0.0
0.0
0.0
0.0
0.0
0.0
0.0
0.0
0.0
0.0
0.0
0.0
0.0
0.0
0.0
0.0
0.0
0.0
0.0
0.0
0.0
0.0
0.0
0.0
0.0
0.0
0.0
0.0
0.0
0.0
0.0
0.0
0.0
0.0
0.0
0.0
0.0
0.0
0.0
0.0
0.0
0.0
0.0
0.0
0.0
0.0
0.0
0.0
0.0
0.0
0.0
0.0
0.0
0.0
0.0
0.0
0.0
0.0
0.0
0.0
0.0
0.0
0.0
0.0
0.0
0.0
0.0
0.0
0.0
0.0
0.0
0.0
0.0
0.0
0.0
0.0
0.0
0.0
0.0
0.0
0.0
0.0
0.0
0.0
0.0
0.0
0.0
0.0
0.0
0.0
0.0
0.0
0.0
0.0
0.0
0.0
0.0
0.0
0.0
0.0
0.0
0.0
0.0
0.0
0.0
0.0
0.0
0.0
0.0
0.0
0.0
0.0
0.0
0.0
0.0
0.0
0.0
0.0
0.0
0.0
0.0
0.0
0.0
0.0
0.0
0.0
0.0
0.0
0.0
0.0
0.0
0.0
0.0
0.0
0.0
0.0
0.0
0.0
0.0
0.0
0.0
0.0
0.0
0.0
0.0
0.0
0.0
0.0
0.0
0.0
0.0
0.0
0.0
0.0
0.0
0.0
0.0
0.0
0.0
0.0
0.0
0.0
0.0
0.0
0.0
0.0
0.0
0.0
0.0
0.0
0.0
-0.17562543717095824
-0.002102296048214436
0.0
0.0
0.0
0.0
0.0
0.0
0.0
0.0
0.0
0.0
0.0
0.0
0.0
0.0
0.0
0.0
0.0
0.0
0.0
0.0
0.0
0.0
0.0
0.0
0.0
0.0
0.0
0.0
0.0
0.0
0.0
0.0
0.0
-0.5421581504102762
-0.8836342180202374
-1.5785251870442125
0.0
0.0
0.0
0.0
0.0
-1.0811775467531688
-2.2083845698525533
0.0
0.0
-0.2976554752155913
-0.8920171346604873
-1.6962711211432338
-1.7414189683816397
0.0
0.0
0.0
-0.860443402370157
0.0
0.0
0.0
0.0
-0.7564295994478842
0.0
0.0
0.0
0.0
0.0
-0.5474913957449383
-0.5868382703095376
-1.1834454882859946
-1.669885723034819
-2.5689030358643685
-3.623156810042665
0.0
0.0
0.0
-1.336909612183251
-2.667717670396473
0.0
0.0
0.0
0.0
0.0
0.0
0.0
0.0
0.0
0.0
-0.024057619258502916
-0.6259241436914698
-1.8087375430094885
-2.9968583279640804
-3.660928766357527
0.0
0.0
-1.0870957340446195
-2.2248068952318016
-3.383972657541735
-4.619637254406847
-5.452714695519076
-0.12602252167110706
-1.1707800483776212
-2.4711883087251234
0.0
-0.9853373142196223
-1.1490128212869775
0.0
0.0
-0.6289889981730123
-1.0583804973094773
0.0
0.0
0.0
-0.06695082841448005
-0.2511477855038713
-0.6053832085632338
-1.1330142315385285
0.0
0.0
0.0
-0.13337448267322893
0.0
0.0
0.0
0.0
0.0
0.0
0.0
0.0
0.0
0.0
-0.22488705509638302
-0.7676582686527376
0.0
-0.08585801827145689
-0.3040820822792937
0.0
0.0
0.0
0.0
0.0
0.0
0.0
0.0
0.0
0.0
0.0
0.0
0.0
0.0
0.0
0.0
0.0
0.0
0.0
0.0
0.0
0.0
0.0
0.0
0.0
0.0
0.0
0.0
0.0
0.0
0.0
0.0
0.0
0.0
0.0
0.0
0.0
0.0
0.0
0.0
0.0
0.0
0.0
0.0
0.0
0.0
0.0
0.0
0.0
0.0
0.0
0.0
0.0
0.0
0.0
0.0
0.0
0.0
0.0
0.0
0.0
0.0
0.0
0.0
0.0
0.0
0.0
0.0
0.0
0.0
0.0
0.0
0.0
0.0
0.0
0.0
0.0
0.0
0.0
0.0
0.0
0.0
0.0
0.0
0.0
0.0
0.0
0.0
0.0
0.0
0.0
0.0
0.0
0.0
0.0
0.0
0.0
0.0
0.0
0.0
0.0
0.0
0.0
0.0
0.0
0.0
0.0
0.0
0.0
0.0
0.0
0.0
0.0
0.0
0.0
0.0
0.0
0.0
0.0
0.0
0.0
0.0
0.0
0.0
0.0
0.0
0.0
0.0
0.0
0.0
0.0
0.0
0.0
0.0
0.0
0.0
0.0
0.0
0.0
0.0
0.0
0.0
0.0
0.0
0.0
0.0
0.0
0.0
0.0
0.0
0.0
0.0
0.0
0.0
0.0
0.0
0.0
0.0
0.0
0.0
0.0
0.0
0.0
0.0
0.0
0.0
0.0
0.0
0.0
0.0
0.0
0.0
0.0
0.0
0.0
0.0
0.0
0.0
0.0
0.0
0.0
0.0
0.0
0.0
0.0
0.0
0.0
0.0
0.0
0.0
0.0
0.0
0.0
0.0
0.0
0.0
0.0
0.0
0.0
0.0
0.0
0.0
0.0
0.0
0.0
0.0
0.0
0.0
0.0
0.0
0.0
0.0
0.0
0.0
0.0
0.0
0.0
0.0
0.0
0.0
0.0
0.0
0.0
0.0
0.0
0.0
0.0
0.0
0.0
0.0
0.0
0.0
0.0
0.0
0.0
0.0
0.0
0.0
0.0
0.0
0.0
0.0
0.0
0.0
0.0
0.0
0.0
0.0
0.0
0.0
0.0
0.0
0.0
-0.5198644985225866
-1.4431675127390862
-2.3285090357056486
-2.7464895005868537
-3.009443388461532
-3.7544978946965855
-4.110754989933605
-4.341493870733812
-4.218530551733437
0.0
0.0
0.0
0.0
0.0
0.0
-0.30645854056733146
0.0
0.0
0.0
0.0
0.0
0.0
-0.5403261043838559
-1.3572013764086788
-2.2534553215801147
-2.793633926123831
-2.5210259192391593
0.0
0.0
0.0
-0.3417949839673726
-1.7071415075024468
-0.4119214376537066
-1.4849022862940215
-2.75530684985039
-1.2241310348558274
-2.5847416864450086
-4.009524457559089
-5.606207318148771
-7.2198318058181385
-5.469814918272796
-0.7982290796498424
-2.4163881837632735
-3.99153730105644
-3.3008217568249414
0.0
0.0
-1.3918340711428716
-2.8780309846115095
-4.4560054093860035
-6.039513705693675
-4.904358932948815
0.0
0.0
-0.8749044831373392
-1.5838705368704258
-2.73786052595283
-3.289024036675339
-3.7571873016854256
-4.254788212621248
-5.6692969899903805
-4.486386407863023
0.0
-0.02717984923645289
-0.8270210995340416
0.0
0.0
-0.09712010984749089
-0.6855565301321503
-1.4292266153287225
-2.2609327927072695
-3.015738844587275
-3.796798614842594
-4.521327330374735
-4.610171152986528
-4.043375220623062
-3.6233340869015613
-4.011854227944315
-4.53651175989253
-4.822527831344691
-5.404299372392923
-5.9620613729187975
-5.231004124749336
-5.240635252673305
-5.240635252673305
-5.304970902148951
-5.704558100970442
-6.532311431766354
-7.362339585071353
-8.125095304921992
-8.967437524363913
-7.1806623622111685
-7.324774414347187
-5.9867475916326995
-5.96726444954956
-3.906564314352499
-3.980958012676461
-4.669149929328242
-5.358999793373476
-0.7324505301193618
-1.1041446549997598
0.0
-0.5317686631120272
-1.2324510519417051
-1.885497540684269
-2.343353463695706
-3.148025542731774
-4.125639820559164
-5.056919137075113
-5.988198453591061
-6.75379756575699
-7.648231329683039
-8.56632259698743
-9.385436360309368
-8.12050974106121
-8.12050974106121
-8.12050974106121
-8.12050974106121
-8.12047595449667
-7.330143882639111
-6.780741728007983
-6.214247997847584
-5.253104705394747
-5.253104705394747
-5.253104705394747
-5.253104705394747
-5.253104705394747
-5.136161916212987
-4.776009243904101
-4.776009243904101
-4.720486430679544
-4.720486430679544
-4.720486430679544
-4.720486430679544
-4.720486430679544
-4.720486430679544
-4.692626937381137
-4.692626937381137
-4.692626937381137
-4.692626937381137
-4.692626937381137
-4.67534235695522
-4.67534235695522
-4.67534235695522
-4.67534235695522
-4.6649111799493
-4.6649111799493
-4.6649111799493
-4.6649111799493
-4.6649111799493
-4.6649111799493
-4.6649111799493
-4.6649111799493
-4.6649111799493
-4.6649111799493
-4.6649111799493
-4.6649111799493
-4.6649111799493
-4.6649111799493
-4.6649111799493
-4.6649111799493
-4.6649111799493
-4.58630305459731
-4.58630305459731
-4.58630305459731
-4.58630305459731
-4.58630305459731
-4.58630305459731
-4.567094063714207
-4.567094063714207
-4.567094063714207
-4.567094063714207
-4.567094063714207
-4.567094063714207
-4.567094063714207
-4.567094063714207
-4.567094063714207
-4.567094063714207
-4.567094063714207
-4.567094063714207
-4.567094063714207
-4.567094063714207
-4.567094063714207
-4.567094063714207
-4.567094063714207
-4.567094063714207
-4.567094063714207
-4.567094063714207
-4.567094063714207
-4.567094063714207
-4.567094063714207
-4.567094063714207
-4.567094063714207
-4.567094063714207
-4.567094063714207
-4.567094063714207
-4.567094063714207
-4.567094063714207
-4.567094063714207
-4.567094063714207
-4.567094063714207
-4.567094063714207
-4.567094063714207
-4.567094063714207
-4.567094063714207
-4.567094063714207
-4.567094063714207
-4.567094063714207
-4.567094063714207
-4.567094063714207
-4.567094063714207
-4.567094063714207
-4.567094063714207
-4.567094063714207
-4.567094063714207
-4.567094063714207
-4.567094063714207
-4.567094063714207
-4.567094063714207
-4.567094063714207
-4.567094063714207
-4.567094063714207
-4.567094063714207
-4.567094063714207
-4.567094063714207
-4.567094063714207
-4.567094063714207
-4.567094063714207
-4.553480671815085
-4.553480671815085
-4.553480671815085
-4.553480671815085
-4.553480671815085
-4.553480671815085
-4.553480671815085
-4.553480671815085
-4.553480671815085
-4.553480671815085
-4.553480671815085
-4.553480671815085
-4.553480671815085
-4.553480671815085
-4.5398672799159625
-4.5398672799159625
-4.5398672799159625
-4.5398672799159625
-4.440438117526868
-4.440438117526868
-4.440438117526868
-4.420028802142534
-4.403949137305516
-3.9993266302182637
-3.306933127536387
-3.2549017615321683
-3.104933680931107
-2.762839640950455
-2.7211740066442984
-2.7211740066442984
-2.7211740066442984
-2.7211740066442984
-2.7211740066442984
-2.7211740066442984
-2.698643429715065
-2.5713290116997993
0.0
0.0
0.0
0.0
0.0
0.0
0.0
0.0
0.0
0.0
0.0
0.0
0.0
0.0
0.0
0.0
0.0
0.0
0.0
0.0
0.0
0.0
0.0
0.0
0.0
0.0
0.0
0.0
0.0
0.0
0.0
0.0
0.0
0.0
0.0
0.0
0.0
0.0
0.0
0.0
0.0
0.0
0.0
0.0
0.0
0.0
0.0
0.0
0.0
0.0
0.0
0.0
0.0
0.0
0.0
0.0
0.0
0.0
0.0
0.0
0.0
0.0
0.0
0.0
0.0
0.0
0.0
0.0
0.0
0.0
0.0
-0.5001795557141927
0.0
0.0
0.0
0.0
0.0
0.0
-0.3590126935953972
0.0
0.0
0.0
0.0
0.0
0.0
-0.5707822856371132
0.0
0.0
0.0
0.0
0.0
-0.24425547978989637
0.0
0.0
0.0
-0.07883397317473628
-0.41570772459746763
-0.785657116066903
-1.3163138452019454
-1.2819812973556064
-1.1716451948906048
-1.4531243192786727
0.0
0.0
0.0
-1.0424368176854057
-1.617505523256746
-2.22724247762884
-3.5399929636536314
-3.8036802756906107
0.0
0.0
-0.6519299023652443
-2.07322015672463
-2.01457287170469
-3.1078454020024653
-4.224267931410881
0.0
-0.2527665316456158
-1.322821411338237
-2.8026519091717743
0.0
0.0
-1.7318959404035512
-3.5651099812746363
-5.285524786197135
-7.153314929421965
-8.963310518825752
-10.791983732845802
-12.06483406911511
-12.834033542326464
-6.569370064427273
0.0
0.0
0.0
0.0
-0.8463873792281379
-2.464526675083741
-2.441183046961796
0.0
0.0
0.0
0.0
0.0
0.0
0.0
0.0
-0.24248349505996125
-0.8641280155432767
-1.6190216227270626
-1.0537248620431894
-1.8543233661188117
-2.47085411364064
-3.4456654662835016
-4.1934166878002905
-5.10742613304343
-5.7511380634107026
-5.745338911232489
-6.964341967291191
-3.9427360242211753
-2.200191615450491
-0.8117721448224653
-1.3801887309264336
-2.5333144918179675
-2.7476210451902205
-3.9637739404230548
-5.231511370051908
-6.529286657110771
-7.726074411846331
-6.040169837943422
-0.3992809395915833
0.0
0.0
0.0
-0.5782670251018742
0.0
-1.1187309279284958
0.0
-1.2175673486790153
-2.481617060987417
-3.6185147204406
0.0
0.0
0.0
-0.805389940270062
-2.0837519273137173
-3.393272843813891
-4.578535754496504
-5.7392889657349775
-6.946798536034132
-8.122041063746579
-9.047246089738982
-9.739757483648582
-10.381128812680327
-7.695929012213521
0.0
0.0
0.0
-0.17118584404696868
-0.49101480888082505
-0.4890412126265331
-0.8132116225803341
-0.14713282020583507
-0.14713282020583507
-0.14713282020583507
0.0
0.0
0.0
0.0
-0.26503636829811283
-0.2618707629869436
0.0
0.0
0.0
0.0
0.0
0.0
0.0
0.0
0.0
0.0
-0.2096613632492178
0.0
0.0
0.0
0.0
0.0
0.0
0.0
0.0
0.0
0.0
0.0
0.0
0.0
0.0
0.0
0.0
0.0
0.0
0.0
0.0
0.0
0.0
0.0
0.0
0.0
0.0
0.0
0.0
0.0
0.0
0.0
0.0
0.0
0.0
0.0
0.0
0.0
0.0
0.0
0.0
0.0
0.0
0.0
0.0
0.0
0.0
0.0
0.0
0.0
0.0
0.0
0.0
0.0
0.0
0.0
0.0
0.0
0.0
0.0
0.0
0.0
0.0
0.0
0.0
0.0
0.0
0.0
0.0
0.0
0.0
0.0
0.0
0.0
0.0
0.0
0.0
0.0
0.0
0.0
0.0
0.0
0.0
0.0
0.0
0.0
0.0
0.0
0.0
0.0
0.0
0.0
0.0
0.0
0.0
0.0
0.0
0.0
0.0
0.0
0.0
0.0
0.0
0.0
0.0
0.0
0.0
0.0
0.0
0.0
0.0
0.0
0.0
0.0
0.0
0.0
0.0
0.0
0.0
0.0
0.0
0.0
0.0
0.0
0.0
0.0
0.0
0.0
0.0
0.0
0.0
0.0
0.0
0.0
0.0
0.0
0.0
0.0
0.0
0.0
0.0
0.0
0.0
0.0
0.0
0.0
0.0
0.0
0.0
0.0
0.0
0.0
0.0
0.0
0.0
0.0
0.0
0.0
0.0
0.0
0.0
0.0
0.0
0.0
0.0
0.0
0.0
0.0
0.0
0.0
0.0
0.0
0.0
0.0
0.0
0.0
0.0
0.0
0.0
0.0
0.0
0.0
0.0
0.0
0.0
0.0
0.0
0.0
0.0
0.0
0.0
0.0
0.0
0.0
0.0
0.0
0.0
0.0
0.0
0.0
0.0
0.0
0.0
0.0
0.0
0.0
0.0
0.0
0.0
0.0
0.0
0.0
0.0
0.0
0.0
0.0
0.0
-0.11795649753942972
-0.03535830832848583
-0.16581472984397658
-0.2837712273834063
-0.14781413155406475
-0.136316139946128
0.0
0.0
0.0
0.0
0.0
0.0
0.0
0.0
0.0
0.0
0.0
0.0
0.0
0.0
0.0
0.0
0.0
0.0
0.0
0.0
0.0
0.0
0.0
0.0
0.0
0.0
0.0
0.0
-0.26893265681112233
-0.34302835843100454
0.0
0.0
0.0
-0.243843283310738
-0.571348432695336
-1.0328820599968696
-0.77731750667604
0.0
0.0
0.0
0.0
0.0
-0.5972412041605191
0.0
-0.31829751518323746
-0.07368799258901215
-0.5997124132514251
-1.0168764519605331
-1.4615818961470772
-1.0379500971789533
0.0
0.0
-0.8277775269025485
-1.4289306089415752
-1.737679380443557
-2.2332593675130568
-3.3976199046486952
-4.898924018101381
-6.384397206775068
-7.904300675738545
-8.973126014216952
-2.4623453387807297
0.0
0.0
0.0
-1.5372687347003406
0.0
0.0
0.0
0.0
0.0
-1.4974280997060605
-1.1824805847254254
0.0
-1.4854731886736874
-2.978971367404672
-1.3176718399262417
-2.826569519207074
-4.312042707880761
-5.757370816838172
-6.777481767288784
-8.163106891644594
-9.604894477835122
-11.006829919150938
-12.28095208351137
-13.595502769637545
-14.865202288443884
-16.137135788175666
0.0
-0.6053919153915619
-1.5906470998066673
-2.668862810383058
-3.817800938362587
-3.123475721890588
-4.273888045721608
-4.123574062254023
-1.172422431460614
-1.8349795950681589
0.0
-0.43312717110748744
0.0
0.0
-0.21352308863321628
0.0
-0.3190893500377816
0.0
0.0
0.0
0.0
-0.674844549509
-0.7860285840999737
-0.7860285840999737
-1.8337188305286234
-0.1951713442123313
0.0
0.0
0.0
0.0
0.0
0.0
0.0
-0.1443069055281099
-0.1443069055281099
-0.2557360930222443
0.0
0.0
0.0
-0.1321560514930047
-0.220516759168626
0.0
0.0
0.0
0.0
0.0
0.0
0.0
0.0
0.0
0.0
0.0
0.0
0.0
0.0
0.0
0.0
0.0
0.0
0.0
0.0
0.0
0.0
0.0
0.0
0.0
0.0
0.0
0.0
0.0
0.0
0.0
0.0
0.0
0.0
0.0
0.0
0.0
0.0
0.0
0.0
0.0
0.0
0.0
0.0
0.0
0.0
0.0
0.0
0.0
0.0
0.0
0.0
0.0
0.0
0.0
0.0
0.0
0.0
0.0
0.0
0.0
0.0
0.0
0.0
0.0
0.0
0.0
0.0
0.0
0.0
0.0
0.0
0.0
0.0
0.0
0.0
0.0
0.0
0.0
0.0
0.0
0.0
0.0
0.0
0.0
0.0
0.0
0.0
0.0
0.0
0.0
0.0
0.0
0.0
0.0
0.0
0.0
0.0
0.0
0.0
0.0
0.0
0.0
0.0
0.0
0.0
0.0
0.0
0.0
0.0
0.0
0.0
0.0
0.0
0.0
0.0
0.0
0.0
0.0
0.0
0.0
0.0
0.0
0.0
0.0
0.0
0.0
0.0
0.0
0.0
0.0
0.0
0.0
0.0
0.0
0.0
0.0
0.0
0.0
0.0
0.0
0.0
0.0
0.0
0.0
0.0
0.0
0.0
0.0
0.0
0.0
0.0
0.0
0.0
0.0
0.0
0.0
0.0
0.0
0.0
0.0
0.0
0.0
0.0
0.0
0.0
0.0
0.0
0.0
0.0
0.0
0.0
0.0
0.0
0.0
0.0
0.0
0.0
0.0
0.0
0.0
0.0
0.0
0.0
0.0
0.0
0.0
0.0
0.0
0.0
0.0
0.0
0.0
0.0
0.0
0.0
0.0
0.0
0.0
0.0
0.0
0.0
0.0
-0.2192783509947861
0.0
0.0
0.0
0.0
-0.09777132744413053
-0.16092552769332613
-0.4877010398153374
0.0
0.0
0.0
0.0
-0.4494794028692499
-0.6012353900462697
-0.8706072501079247
-1.0378494290507483
-0.4123497310259998
0.0
-0.054420431598369845
-1.5793508490602783
-2.172001966298017
0.0
0.0
-0.23549158904331247
-1.3341915564440838
-2.852386711720448
0.0
0.0
0.0
0.0
0.0
0.0
0.0
0.0
0.0
0.0
0.0
0.0
0.0
0.0
0.0
0.0
0.0
0.0
0.0
0.0
-0.5280300565469758
-1.0162240971085035
-2.110793580765019
-3.18109902233086
-4.6773905722246045
-4.159279461412214
-5.596804235294536
-7.234446623699866
-9.004743804726857
-10.622153573155048
-11.292109115649499
-8.42887553003013
-9.569279017466233
-10.996255797478684
-11.170054081403899
-6.487896368585506
-7.337830304766681
-7.879385087244164
-9.439059574202977
-11.085705999655461
-12.880343598717138
-14.62823825227126
-15.783890992633903
-16.827060174876983
-18.406883440527498
-14.096945888464457
-9.661623174314805
-5.578324363750265
-5.761058906245486
-1.925302829717043
0.0
-0.780299811417579
-1.949427086511307
0.0
-1.3380842802652306
-1.8796390627427138
0.0
-0.8230837971917141
-2.062464850014786
-2.9449578269577508
-3.1931372886182072
-4.4729483516874815
-5.6725905123176865
-3.421427853037209
-4.838833325076364
-6.290430315727687
-7.702642620937404
-9.149569080358892
-10.68547499699283
-12.15944350848689
-13.624654330682747
-15.142651986065983
-16.67507389935537
-18.12200035877686
-19.6579062754108
-21.144557591834765
-22.60075788543365
-20.54490519481443
-21.799463960316547
-23.348837496389883
-17.812754664993836
-11.879093042581236
-11.536032236848998
-13.018515011004133
-3.378569563808039
-4.284258155114352
-5.639401130844478
-6.115104339967324
0.0
0.0
0.0
0.0
-1.1332715911355569
-2.2467616224549904
-2.671300198960485
-3.7549751739162014
-4.828242178461338
-5.666260324467195
-6.0185178430520905
-6.820665622770493
-7.884557800942097
-9.042675752311794
-10.086057592867926
-11.239155381069033
-12.44736106863591
-10.814833858850724
-9.316537157853904
-9.92745861438208
-10.749388421087016
-9.801278124209665
-10.772723589866628
-11.793210168257485
-12.941109808520102
-11.995385070944536
-11.930417375942145
-12.979859854316949
-14.165180878059394
-10.324882987707017
-9.764229701374422
-9.126254737594852
-8.85927130375485
-7.484104746304801
-7.401506557093858
-7.226050265159594
-7.072829744666782
-5.187283108901109
-5.230250291471409
-5.678923630865375
-4.908652934435215
-2.3398339521140974
0.0
0.0
-0.351632080322861
-0.41879947828250763
-0.41879947828250763
-0.41879947828250763
-0.41879947828250763
-0.41879947828250763
-0.41879947828250763
-0.41830607921893465
-0.41830607921893465
-0.41830607921893465
-0.41830607921893465
-0.41830607921893465
-0.41830607921893465
-0.41830607921893465
-0.41830607921893465
-0.41830607921893465
-0.41830607921893465
-0.41830607921893465
-0.41830607921893465
-0.41830607921893465
-0.41830607921893465
-0.41830607921893465
-0.41830607921893465
-0.41830607921893465
-0.41830607921893465
-0.41830607921893465
-0.41830607921893465
-0.41830607921893465
-0.41830607921893465
-0.41830607921893465
-0.41830607921893465
-0.41830607921893465
-0.41830607921893465
-0.4111041322115469
-0.3793397950526555
-0.28768709092751554
-0.28768709092751554
-0.28768709092751554
-0.28768709092751554
-0.28768709092751554
-0.28768709092751554
-0.28768709092751554
-0.28768709092751554
-0.28768709092751554
-0.28768709092751554
-0.28768709092751554
-0.28768709092751554
-0.28768709092751554
-0.28768709092751554
-0.28768709092751554
-0.28768709092751554
-0.28768709092751554
-0.28768709092751554
-0.28768709092751554
-0.28768709092751554
-0.28768709092751554
-0.28768709092751554
-0.28768709092751554
-0.28768709092751554
-0.28768709092751554
-0.28768709092751554
-0.2332031015568255
-0.2332031015568255
-0.2332031015568255
-0.2332031015568255
-0.2332031015568255
-0.2332031015568255
-0.2332031015568255
-0.16253191621843371
-0.16253191621843371
-0.16253191621843371
-0.16253191621843371
-0.16253191621843371
-0.16253191621843371
-0.16253191621843371
-0.16253191621843371
-0.16253191621843371
-0.16253191621843371
-0.16253191621843371
-0.16253191621843371
-0.16253191621843371
-0.16253191621843371
-0.16253191621843371
-0.16253191621843371
-0.16253191621843371
-0.16253191621843371
-0.16253191621843371
-0.16253191621843371
-0.16253191621843371
-0.16253191621843371
-0.16253191621843371
0.0
0.0
0.0
0.0
0.0
0.0
0.0
0.0
0.0
0.0
0.0
0.0
0.0
0.0
0.0
0.0
0.0
0.0
0.0
0.0
0.0
0.0
0.0
0.0
0.0
0.0
0.0
0.0
0.0
0.0
0.0
0.0
0.0
0.0
0.0
0.0
0.0
0.0
0.0
0.0
0.0
0.0
0.0
0.0
0.0
0.0
0.0
0.0
0.0
0.0
0.0
0.0
0.0
0.0
0.0
0.0
0.0
0.0
0.0
0.0
0.0
0.0
0.0
0.0
0.0
0.0
0.0
0.0
0.0
0.0
0.0
0.0
0.0
0.0
0.0
0.0
0.0
0.0
0.0
0.0
0.0
0.0
0.0
0.0
0.0
0.0
0.0
0.0
0.0
0.0
0.0
0.0
0.0
0.0
0.0
0.0
0.0
0.0
0.0
0.0
0.0
0.0
0.0
0.0
0.0
0.0
0.0
0.0
0.0
0.0
0.0
0.0
0.0
0.0
0.0
0.0
0.0
0.0
0.0
0.0
0.0
0.0
0.0
0.0
0.0
0.0
0.0
0.0
0.0
0.0
0.0
0.0
0.0
0.0
0.0
0.0
0.0
0.0
0.0
0.0
0.0
0.0
0.0
-0.16762824474166288
-0.3057674142146309
0.0
0.0
0.0
0.0
0.0
0.0
-0.2101280493449722
-0.41278939836613726
0.0
0.0
0.0
0.0
0.0
0.0
0.0
0.0
-0.08354848569476014
0.0
0.0
0.0
0.0
0.0
-0.75318003702746
-0.42990708675644185
-1.2181013869409507
-1.959430358174466
-2.263346185070774
-3.115934825589732
-4.593348859288183
0.0
0.0
-0.5492059558945316
0.0
-0.10549561642641014
0.0
-0.8203659817005917
-2.4158442918943286
-3.9854975342868473
-4.88685196274602
-5.275963861804572
-6.091341881227457
-6.3055858060883665
-8.003055555636996
-9.680462252460163
-11.353725986531694
-3.731975109118208
-1.8816105641687226
0.0
-0.13138287158044515
0.0
-0.6144586222192526
-1.9226468693711345
0.0
-1.4131121170232774
-3.469441818406035
-2.6494004947207417
-2.8336139826252507
0.0
-0.8319505402895135
-0.8779146917155684
-2.6548141925416053
-4.398099560641288
-6.623243112489362
-8.498275697853767
-9.367809433639454
-11.388335601451185
-8.01907782866309
-10.059751346279201
-6.037320303420339
-4.989663660906538
-6.494786100461731
-7.2147329275028635
-5.4371951094150734
0.0
0.0
0.0
-1.615662511960293
0.0
0.0
-1.6745662816581877
-2.5987848156756534
-4.3645323679146415
-6.3029160435038225
-8.144388094767852
-10.164914262579583
-12.018473672692132
-13.839472191798759
-15.649520738357564
-17.524892326334232
-18.428590469019497
-19.693700212015305
-20.863303324322693
-21.76437096944449
-22.89756373323575
-23.86053727514208
-24.938858594446028
-25.96081357742557
-27.292463740769065
-28.75952336827147
-30.206415319454546
-31.412879959093157
-32.41008940700963
-31.7439252422031
-33.05950479271539
-13.188946924922092
0.0
-0.49678322033452316
0.0
0.0
-1.1314247417686703
0.0
0.0
-0.462878910414558
-0.34018325586090953
0.0
0.0
-0.01165830318007457
-0.2079418802453293
-0.12466071471799206
0.0
-0.2707995405174792
0.0
-0.4278350015692779
-1.0696961187701333
-1.3770725774148056
-2.276802260685738
-2.447999355835549
-2.447999355835549
-2.447999355835549
-2.447999355835549
-2.6293699802059027
-2.4992808753612343
-3.022531056206885
-3.7120826981822788
-3.7976134309161136
-3.797570317362593
-3.797570317362593
-3.797570317362593
-3.797570317362593
-3.797570317362593
-3.797570317362593
-3.797570317362593
-3.797570317362593
-3.797570317362593
-3.797570317362593
-3.797570317362593
-3.797570317362593
-3.797570317362593
-3.797570317362593
-3.780474179350962
-3.780474179350962
-3.6011619015272283
-3.6011619015272283
-2.6812247137162664
-1.2158226050390377
0.0
0.0
0.0
0.0
0.0
0.0
0.0
0.0
0.0
0.0
0.0
0.0
0.0
0.0
0.0
0.0
0.0
0.0
0.0
0.0
0.0
0.0
0.0
0.0
0.0
0.0
0.0
0.0
0.0
0.0
0.0
0.0
0.0
0.0
0.0
0.0
0.0
0.0
0.0
0.0
0.0
0.0
0.0
0.0
0.0
0.0
0.0
0.0
0.0
0.0
0.0
0.0
0.0
0.0
0.0
0.0
0.0
0.0
0.0
0.0
0.0
0.0
0.0
0.0
0.0
0.0
0.0
0.0
0.0
0.0
0.0
0.0
0.0
0.0
0.0
0.0
0.0
0.0
0.0
0.0
0.0
0.0
0.0
0.0
0.0
0.0
0.0
0.0
0.0
0.0
0.0
0.0
0.0
0.0
0.0
0.0
0.0
0.0
0.0
0.0
0.0
0.0
0.0
0.0
0.0
0.0
0.0
0.0
0.0
0.0
0.0
0.0
0.0
0.0
0.0
0.0
0.0
0.0
0.0
0.0
0.0
0.0
0.0
0.0
0.0
0.0
0.0
0.0
0.0
0.0
0.0
0.0
0.0
0.0
0.0
0.0
0.0
0.0
0.0
0.0
0.0
0.0
0.0
0.0
0.0
0.0
0.0
0.0
0.0
0.0
0.0
0.0
0.0
0.0
0.0
0.0
0.0
0.0
0.0
0.0
0.0
0.0
0.0
0.0
0.0
0.0
0.0
0.0
0.0
0.0
0.0
0.0
0.0
0.0
0.0
0.0
0.0
0.0
0.0
0.0
0.0
0.0
0.0
0.0
0.0
0.0
0.0
0.0
0.0
0.0
0.0
0.0
0.0
0.0
0.0
0.0
0.0
0.0
0.0
0.0
0.0
0.0
0.0
0.0
0.0
0.0
0.0
0.0
0.0
0.0
0.0
0.0
0.0
0.0
0.0
0.0
0.0
0.0
0.0
0.0
0.0
0.0
0.0
0.0
0.0
0.0
0.0
0.0
0.0
0.0
0.0
0.0
0.0
0.0
0.0
0.0
0.0
0.0
0.0
0.0
0.0
-0.07219678163105159
-0.323800346089707
0.0
0.0
0.0
0.0
0.0
0.0
0.0
0.0
0.0
0.0
-0.24467255126389498
-0.03799051976016021
-0.3879805005449197
-1.1107560191265684
0.0
-0.6918590019919835
0.0
-0.9521344265023196
-2.022318047824848
-2.9537806708146115
-3.701250909865477
-4.2567600110671915
-5.6347768139114125
-7.249999312740273
-8.633676259483927
-9.976733509134924
-11.15932015905802
-12.5480308424637
-14.071743445128185
-15.039800249333064
-10.020082201873485
-11.55490394594363
-9.371079976223527
0.0
0.0
-1.3186446595269472
0.0
-1.092409025992007
-1.0916123697724915
0.0
-1.5237126026644858
-2.9890066967361926
-4.5089131569228265
-6.0437349009929715
-7.650061740395293
-9.184883484465438
-10.813502654786467
-12.45331008948855
-6.84017384544674
-7.953542935569542
-9.029753542751711
-10.413160174099172
-11.950556136327737
-13.460837669029706
-14.929488988757607
-16.422600387770224
-17.872972397160062
-19.448528810295024
-21.093379865686916
-20.445747440586405
-19.33090894556862
-14.997923584543077
-6.720358749081997
-7.050515616738461
-4.182845510384519
-4.89746210021232
-5.514282857111078
-6.50493512186692
-7.836910196429562
-9.539274579161289
-11.203480845429354
-12.653852854819192
-14.209139217645475
-12.476912480984751
-12.66096897900715
-12.66096897900715
-12.66096897900715
-12.66096897900715
-13.297084325986699
-13.944154209833183
-14.99520507442766
-16.126801193582327
-17.343131064519014
-18.50345545796886
-19.498777380008534
-20.398584918025566
-18.009993331224063
-6.1439829339687115
-6.020127287234333
-6.148270629937443
-6.382821866646496
-6.026126258911356
-4.891984466858405
-2.351657552304839
-2.381347684669489
-1.755916875777571
0.0
-0.03827143270121136
-0.3950995628910285
-1.0637053013573863
0.0
-0.31441331472811246
-0.8852613064488082
-1.4369271277466416
-1.7620008416397837
-2.3698527593686602
-3.0118166857491135
-3.642951858297269
-4.3864638462292325
-4.484403920634901
-4.9952901775198715
-5.3962301055392725
-3.0865594907794667
-3.081201133570817
-3.081201133570817
-3.057354132886769
-3.057354132886769
-3.057354132886769
-3.0127909783059637
-2.22810782130355
-2.22810782130355
-2.22810782130355
-2.22810782130355
-2.22810782130355
-2.22810782130355
-2.22810782130355
-2.22810782130355
-2.22810782130355
-2.129077968261388
-1.0878081621778521
0.0
-0.21392698827368795
-0.21392698827368795
-0.21392698827368795
-0.21392698827368795
-0.1624365167372676
0.0
0.0
0.0
0.0
0.0
0.0
0.0
0.0
0.0
0.0
0.0
0.0
0.0
0.0
0.0
0.0
0.0
0.0
0.0
0.0
0.0
0.0
0.0
0.0
0.0
0.0
0.0
0.0
0.0
0.0
0.0
0.0
0.0
0.0
0.0
0.0
0.0
0.0
0.0
0.0
0.0
0.0
0.0
0.0
0.0
0.0
0.0
0.0
0.0
0.0
0.0
0.0
0.0
0.0
0.0
0.0
0.0
0.0
0.0
0.0
0.0
0.0
0.0
0.0
0.0
0.0
0.0
0.0
0.0
0.0
0.0
0.0
0.0
0.0
0.0
0.0
0.0
0.0
0.0
0.0
0.0
0.0
0.0
0.0
0.0
0.0
0.0
0.0
0.0
0.0
0.0
0.0
0.0
0.0
0.0
0.0
0.0
0.0
0.0
0.0
0.0
0.0
0.0
0.0
0.0
0.0
0.0
0.0
0.0
0.0
0.0
0.0
0.0
0.0
0.0
0.0
0.0
0.0
0.0
0.0
0.0
0.0
0.0
0.0
0.0
0.0
0.0
0.0
0.0
0.0
0.0
0.0
0.0
0.0
0.0
0.0
0.0
0.0
0.0
0.0
0.0
0.0
0.0
0.0
0.0
0.0
0.0
0.0
0.0
0.0
0.0
0.0
0.0
0.0
0.0
0.0
0.0
0.0
0.0
0.0
0.0
0.0
0.0
0.0
0.0
0.0
0.0
0.0
0.0
0.0
0.0
0.0
0.0
0.0
0.0
0.0
0.0
0.0
0.0
0.0
0.0
0.0
0.0
0.0
0.0
0.0
0.0
0.0
0.0
0.0
0.0
0.0
0.0
0.0
0.0
0.0
0.0
0.0
0.0
0.0
0.0
0.0
0.0
0.0
0.0
0.0
0.0
0.0
0.0
0.0
0.0
-0.6618403362224546
-0.555031547937427
-0.2825460019310335
-0.3907264274815374
0.0
0.0
0.0
0.0
0.0
0.0
0.0
0.0
-0.8456721552507431
0.0
-0.30847939090926646
-0.9253781066411961
-0.9935763973110381
-2.139781302720709
0.0
0.0
0.0
-1.0808435015179172
-2.2260509622138893
-3.397457936390743
-2.3218419518066296
0.0
-0.9554583792417782
0.0
0.0
0.0
0.0
-0.5780089815376138
-0.13113771605207125
0.0
0.0
-0.18342335108270086
-1.2013699366960051
-2.202828778637966
-3.3490336840476367
-3.027821136031554
0.0
-0.9108140320385159
0.0
0.0
0.0
0.0
-1.4368210277538243
0.0
0.0
0.0
0.0
0.0
0.0
-1.4874140871458998
-3.0137320570650785
-4.433382610576567
-2.6788861166450237
-3.7928332199857575
-0.4127755209658437
-1.9494632585571467
-2.7339142259609552
-4.285561427281127
-0.6394778722726198
0.0
0.0
-1.3253473732686645
-2.6939762761280135
-3.6946957781651983
-4.695415280202383
-6.04470234806844
-7.514331685453403
-9.056063116103221
-10.543477203249122
-12.075018247061408
-13.393143925155945
-14.707917534979726
-15.976664707696475
-17.30134855501802
-18.674921091681817
-20.063253256771887
-21.43906663356351
-22.77006056868926
-24.208454329302402
-25.151928971714806
-26.174049591117868
-27.262332934364572
-26.84481019811853
-28.150171631675118
-29.65197417845292
-31.187215482332345
-32.59613389298722
-33.95573420954843
-31.720605723348754
-29.50370767669174
-29.88634365647911
-30.590916954906984
-31.341883324819285
-32.49253023409826
-34.109918397082886
-35.65615557182111
-31.0742538258315
-32.27734163686
-30.04552476336058
-22.4563857045258
-22.4563857045258
-22.4563857045258
-23.006506832752503
-24.1014309395973
-24.794642915428796
-25.71980707271631
-26.097838996857245
-26.33027675908407
-26.118223592773585
-22.177255888567082
-21.405334772618737
-19.002458779808233
-17.73490756992161
-17.526291160007887
-17.443692970796942
-17.330985201521994
-17.330985201521994
-17.330985201521994
-17.330985201521994
-17.330985201521994
-16.796634540541966
-15.278451947846976
-15.26193034645364
-15.26193034645364
-15.26193034645364
-15.17211780376784
-15.141102593899998
-15.141102593899998
-15.141102593899998
-15.141102593899998
-15.141102593899998
-15.141102593899998
-15.141102593899998
-15.141102593899998
-15.141102593899998
-15.141102593899998
-14.499135069388073
-12.75593380824966
-12.75593380824966
-12.75593380824966
-12.75593380824966
-12.239918622850118
-12.239918622850118
-12.239918622850118
-12.239918622850118
-12.152914392628505
-12.099177698473497
-12.099177698473497
-12.099177698473497
-12.099177698473497
-12.099177698473497
-12.099177698473497
-12.074052601623865
-12.074052601623865
-10.418827222912407
-9.333657852715248
0.0
0.0
0.0
0.0
0.0
0.0
0.0
0.0
0.0
0.0
0.0
0.0
0.0
0.0
0.0
0.0
0.0
0.0
0.0
0.0
0.0
0.0
0.0
0.0
0.0
0.0
0.0
0.0
0.0
0.0
0.0
0.0
0.0
0.0
0.0
0.0
0.0
0.0
0.0
0.0
0.0
0.0
0.0
0.0
0.0
0.0
0.0
0.0
0.0
0.0
0.0
0.0
0.0
0.0
0.0
0.0
0.0
0.0
0.0
0.0
0.0
0.0
0.0
0.0
0.0
0.0
0.0
0.0
0.0
0.0
0.0
0.0
0.0
0.0
0.0
0.0
0.0
0.0
0.0
0.0
0.0
0.0
0.0
0.0
0.0
0.0
0.0
0.0
0.0
0.0
0.0
0.0
0.0
0.0
0.0
0.0
0.0
0.0
0.0
0.0
0.0
0.0
0.0
0.0
0.0
0.0
0.0
0.0
0.0
0.0
0.0
0.0
0.0
0.0
0.0
0.0
0.0
0.0
0.0
0.0
0.0
0.0
0.0
0.0
0.0
0.0
0.0
0.0
0.0
0.0
0.0
0.0
0.0
0.0
0.0
0.0
0.0
0.0
0.0
0.0
0.0
0.0
0.0
0.0
0.0
0.0
0.0
0.0
0.0
0.0
0.0
0.0
0.0
0.0
0.0
0.0
0.0
0.0
0.0
0.0
0.0
0.0
0.0
0.0
0.0
0.0
0.0
0.0
0.0
0.0
0.0
0.0
0.0
0.0
0.0
0.0
0.0
0.0
0.0
0.0
0.0
0.0
0.0
0.0
0.0
0.0
0.0
0.0
0.0
0.0
0.0
0.0
0.0
-0.038454115559029556
-0.16444216730429884
-0.0738310514473873
-0.11016587488181825
0.0
0.0
0.0
0.0
0.0
0.0
0.0
0.0
0.0
0.0
0.0
0.0
0.0
0.0
0.0
0.0
0.0
0.0
0.0
0.0
0.0
0.0
-0.3983724699744883
-0.09537293715424872
-0.38444023781246733
0.0
0.0
0.0
0.0
0.0
-0.38112130772277863
-0.8946551411324399
-0.7320115156030933
-0.40897414575607294
-0.5466872540123846
-1.0767924017458947
-2.6628517056066237
-4.253475061005363
-4.9082451243936855
-3.6598987288284155
0.0
0.0
0.0
-0.29280515717906075
0.0
0.0
-0.27459421562078445
-1.3177003510522485
-2.1483751896573855
-3.1449957523245846
-3.6771920663499023
-3.7210734209484233
-3.734134245376852
-5.121983555373564
-5.00120566751706
-4.604592071061633
-6.070417146795474
-7.566678595635934
-8.928147823337547
-10.633586086283144
-10.036207481249217
-11.097913459527694
-6.784444932113131
-6.166852451509515
0.0
0.0
0.0
-1.7202195790036376
0.0
0.0
0.0
0.0
0.0
0.0
0.0
-0.44691812978344647
-0.9303085015479586
0.0
-1.2867358650425238
-3.2735365213168035
-3.807795538316557
-3.8427840881845805
-5.391430569275547
0.0
0.0
-0.27966487084573516
-0.9779377207950897
-1.019086148195219
0.0
-1.299259995306071
-2.0733257356675696
-2.9899895871950894
-3.5700394217868894
0.0
0.0
-1.3267244469177015
-2.250321970719652
0.0
-0.8148337041662692
-1.9943544455063098
-3.380854803589725
-4.47427120299767
-5.5231847222034425
-6.541532744277717
-7.905200941684781
-7.896778568548555
-8.47932093640592
-9.35309176805859
-10.463668634805193
-11.657164560347471
-12.950129862708573
-9.629990478721563
-8.91475577907768
-8.91475577907768
-8.549646382414155
-8.635715762982132
-8.860925406562624
-8.287795196193695
-8.287795196193695
-7.536067278999655
-6.839316454033722
-6.881417980415809
-5.525583448213617
-0.7919223003299827
-0.9024093495182994
-1.1281318766647985
-1.3528465158616234
-1.6067993381133912
0.0
0.0
0.0
0.0
0.0
0.0
0.0
0.0
0.0
0.0
0.0
0.0
0.0
0.0
0.0
0.0
0.0
0.0
0.0
0.0
0.0
0.0
0.0
0.0
0.0
0.0
0.0
0.0
0.0
0.0
0.0
0.0
0.0
0.0
0.0
0.0
0.0
0.0
0.0
0.0
0.0
0.0
0.0
0.0
0.0
0.0
0.0
0.0
0.0
0.0
0.0
0.0
0.0
0.0
0.0
0.0
0.0
0.0
0.0
0.0
0.0
0.0
0.0
0.0
0.0
0.0
0.0
0.0
0.0
0.0
0.0
0.0
0.0
0.0
0.0
0.0
0.0
0.0
0.0
0.0
0.0
0.0
0.0
0.0
0.0
0.0
0.0
0.0
0.0
0.0
0.0
0.0
0.0
0.0
0.0
0.0
0.0
0.0
0.0
0.0
0.0
0.0
0.0
0.0
0.0
0.0
0.0
0.0
0.0
0.0
0.0
0.0
0.0
0.0
0.0
0.0
0.0
0.0
0.0
0.0
0.0
0.0
0.0
0.0
0.0
0.0
0.0
0.0
0.0
0.0
0.0
0.0
0.0
0.0
0.0
0.0
0.0
0.0
0.0
0.0
0.0
0.0
0.0
0.0
0.0
0.0
0.0
0.0
0.0
0.0
0.0
0.0
0.0
0.0
0.0
0.0
0.0
0.0
0.0
0.0
0.0
0.0
0.0
0.0
0.0
0.0
0.0
0.0
0.0
0.0
0.0
0.0
0.0
0.0
0.0
0.0
0.0
0.0
0.0
0.0
0.0
0.0
0.0
0.0
0.0
0.0
0.0
0.0
0.0
0.0
0.0
0.0
0.0
0.0
0.0
0.0
0.0
0.0
0.0
0.0
0.0
0.0
0.0
0.0
0.0
0.0
0.0
0.0
0.0
0.0
0.0
0.0
0.0
0.0
0.0
0.0
0.0
0.0
0.0
0.0
0.0
0.0
0.0
0.0
0.0
0.0
0.0
0.0
0.0
0.0
0.0
0.0
0.0
0.0
0.0
0.0
0.0
-0.022567231411576405
0.0
0.0
0.0
0.0
-0.23954595708995352
0.0
0.0
0.0
0.0
-0.12544064371536434
-0.697066012573067
-0.818788930615904
-0.1466847082830185
0.0
0.0
0.0
0.0
0.0
0.0
0.0
-0.6537020441507615
0.0
0.0
0.0
0.0
-0.4095933173170967
-1.079192216404875
-1.5297862701175033
0.0
0.0
0.0
-0.9746406529206908
0.0
-0.5869679491991404
-1.3673215233535212
-2.3130672162175916
-2.2207430396813566
0.0
-0.6375407257159805
0.0
-1.1242596200815473
-0.8911118030136954
-1.0890284810162365
0.0
-1.0998127483766482
0.0
-1.5462733644698372
-3.1991771345821887
-5.089867101175347
-7.021512144313898
-8.646264156389172
-10.348768658162294
-11.661699266129608
-13.11914510009525
-14.627990324030833
-16.281170056708564
-16.397558415782584
-18.046841674737237
-19.10074228827392
-12.533514853262364
-11.663420341830953
-8.633666631290946
0.0
-0.5388643786012635
-0.972141470418347
-2.289673401462387
-2.544581859270794
-3.299260991354164
-4.790029994350357
-5.121434841436734
-5.422254621750444
-6.295793377781314
-5.989134136273932
-7.35253754653009
-2.3799975765834462
0.0
0.0
0.0
-0.8394034803185257
0.0
-1.464373002992094
-1.5492865463686614
-0.5078420011777762
0.0
-0.1707577234329573
-0.9232105073086689
-1.8400602121661724
-3.027884479641028
0.0
-1.1283515420077734
-2.2159911320749948
-2.1607327184987204
-3.3560617949523412
-4.443701385019563
-5.411214272186705
-6.540200502950187
-7.611249721243425
-5.738813259869637
-4.88148240188432
-2.3496196532351377
-1.853903150256567
-2.216211301425433
-0.7855640742131538
0.0
0.0
0.0
-0.3832575003464515
0.0
-0.4106979224331362
-0.938763356776618
-1.5083536405470566
-1.8826836431532175
-0.45476220346190876
-0.8469586980452859
-1.6099713035073766
-1.5715570467860014
-1.0169662696613015
-1.6655551390948975
-2.279766369015169
-2.347914889546536
-2.717202965472875
-3.3838211528219633
-4.038221810568302
-4.545042037365244
-4.401600024667427
0.0
0.0
0.0
0.0
0.0
0.0
0.0
0.0
0.0
0.0
0.0
0.0
0.0
0.0
0.0
0.0
0.0
0.0
0.0
0.0
0.0
0.0
0.0
0.0
0.0
0.0
0.0
0.0
0.0
0.0
0.0
0.0
0.0
0.0
0.0
0.0
0.0
0.0
0.0
0.0
0.0
0.0
0.0
0.0
0.0
0.0
0.0
0.0
0.0
0.0
0.0
0.0
0.0
0.0
0.0
0.0
0.0
0.0
0.0
0.0
0.0
0.0
0.0
0.0
0.0
0.0
0.0
0.0
0.0
0.0
0.0
0.0
0.0
0.0
0.0
0.0
0.0
0.0
0.0
0.0
0.0
0.0
0.0
0.0
0.0
0.0
0.0
0.0
0.0
0.0
0.0
0.0
0.0
0.0
0.0
0.0
0.0
0.0
0.0
0.0
0.0
0.0
0.0
0.0
0.0
0.0
0.0
0.0
0.0
0.0
0.0
0.0
0.0
0.0
0.0
0.0
0.0
0.0
0.0
0.0
0.0
0.0
0.0
0.0
0.0
0.0
0.0
0.0
0.0
0.0
0.0
0.0
0.0
0.0
0.0
0.0
0.0
0.0
0.0
0.0
0.0
0.0
0.0
0.0
0.0
0.0
0.0
0.0
0.0
0.0
0.0
0.0
0.0
0.0
0.0
0.0
0.0
0.0
0.0
0.0
0.0
0.0
0.0
0.0
0.0
0.0
0.0
0.0
0.0
0.0
0.0
0.0
0.0
0.0
0.0
0.0
0.0
0.0
0.0
0.0
0.0
0.0
0.0
0.0
0.0
0.0
0.0
0.0
0.0
0.0
0.0
0.0
0.0
0.0
0.0
0.0
0.0
0.0
0.0
0.0
0.0
0.0
0.0
0.0
0.0
0.0
0.0
0.0
0.0
0.0
0.0
0.0
0.0
0.0
0.0
0.0
0.0
0.0
0.0
-0.016092694279401742
0.0
0.0
0.0
0.0
0.0
0.0
0.0
0.0
0.0
0.0
0.0
-0.6214388303903174
-0.6237868843160089
-0.22590275330104437
-0.5285981754433028
0.0
0.0
0.0
0.0
0.0
0.0
0.0
0.0
0.0
-0.29027787790548043
0.0
0.0
0.0
-0.5105390564957213
-1.1643620610651086
0.0
-0.9178123524788159
0.0
-0.331424945521299
-1.1611221697899428
-1.9205265527980864
-2.5422225625461294
-3.22837841067828
-3.747474869246666
-0.879863146935207
-1.2965772486230867
-2.85823865571114
-4.4325600477335225
-6.120101784309721
-6.50941458378194
-6.991560715856323
-7.3950723026460565
-9.12510871234764
-10.887731110215638
-7.4579479635228365
-7.1287440980428585
-8.75819046586308
-6.499192301468773
-1.7298384778806613
-2.1370864454918506
-3.7556375434481373
-5.6634774931966545
-5.115238989026934
-7.023376646900742
-9.214429449197485
-11.585878956181135
-13.808581116916681
-10.61506346664749
-7.077265834616674
-8.804508297707581
-11.015237227780322
-11.698490739743258
-10.36668862469747
-10.138065675855023
-12.085259667792991
-5.181223954419244
0.0
-1.2480874679387892
-3.101722822900526
-5.0567248735217385
-7.1725049611955
0.0
-1.783708236860732
-2.4787888031125007
-2.5499007696840637
-3.8496570668052863
-5.5120270874710675
-1.3656593870569447
-2.4053548298191343
-3.2290158977428494
-3.4739013841253032
-2.802286774528188
-4.160921196600972
-2.235180144554544
-4.007035189087622
0.0
0.0
0.0
-1.6623700206657814
-3.4223124337960273
-3.7514565638102217
0.0
-0.6956153162335712
-1.8133124911552678
0.0
0.0
0.0
0.0
-0.5557560710936922
-1.2591066185966613
0.0
0.0
-0.6169641248884011
-0.9203282993021064
0.0
0.0
0.0
-0.9583465548900555
-1.5792409045204443
-2.2690612949793136
-0.11294969192031301
0.0
-0.04270985850663417
0.0
-0.08573177451168283
-0.33193196517831675
-0.5003391983969756
-0.9047283258660992
-1.085354834641865
-1.0852973499038376
-1.494356952918252
-1.4899680243255513
-0.8671366523759482
-0.44677295495814207
-0.28406596331950995
0.0
0.0
0.0
-0.10270430699337224
0.0
0.0
0.0
0.0
0.0
0.0
0.0
0.0
0.0
0.0
0.0
0.0
0.0
0.0
0.0
0.0
0.0
0.0
0.0
0.0
0.0
0.0
0.0
0.0
0.0
0.0
0.0
0.0
0.0
0.0
0.0
0.0
0.0
0.0
0.0
0.0
0.0
0.0
0.0
0.0
0.0
0.0
0.0
0.0
0.0
0.0
0.0
0.0
0.0
0.0
0.0
0.0
0.0
0.0
0.0
0.0
0.0
0.0
0.0
0.0
0.0
0.0
0.0
0.0
0.0
0.0
0.0
0.0
0.0
0.0
0.0
0.0
0.0
0.0
0.0
0.0
0.0
0.0
0.0
0.0
0.0
0.0
0.0
0.0
0.0
0.0
0.0
0.0
0.0
0.0
0.0
0.0
0.0
0.0
0.0
0.0
0.0
0.0
0.0
0.0
0.0
0.0
0.0
0.0
0.0
0.0
0.0
0.0
0.0
0.0
0.0
0.0
0.0
0.0
0.0
0.0
0.0
0.0
0.0
0.0
0.0
0.0
0.0
0.0
0.0
0.0
0.0
0.0
0.0
0.0
0.0
0.0
0.0
0.0
0.0
0.0
0.0
0.0
0.0
0.0
0.0
0.0
0.0
0.0
0.0
0.0
0.0
0.0
0.0
0.0
0.0
0.0
0.0
0.0
0.0
0.0
0.0
0.0
0.0
0.0
0.0
0.0
0.0
0.0
0.0
0.0
0.0
0.0
0.0
0.0
0.0
0.0
0.0
0.0
0.0
0.0
0.0
0.0
0.0
0.0
0.0
0.0
0.0
0.0
0.0
0.0
0.0
0.0
0.0
0.0
0.0
0.0
0.0
0.0
0.0
0.0
0.0
0.0
0.0
0.0
0.0
0.0
0.0
0.0
0.0
0.0
0.0
0.0
0.0
0.0
0.0
0.0
0.0
0.0
0.0
0.0
0.0
0.0
0.0
0.0
0.0
0.0
0.0
0.0
0.0
0.0
0.0
0.0
0.0
0.0
0.0
0.0
0.0
0.0
0.0
0.0
0.0
0.0
-0.02270192074022137
0.0
0.0
0.0
0.0
0.0
-0.08866385319425679
0.0
0.0
0.0
0.0
0.0
0.0
0.0
0.0
-0.15624152787606327
0.0
-0.16379350701497875
0.0
0.0
-0.4205125683312929
0.0
-0.4224054368902016
-0.5761526086568717
-0.04034642016045831
0.0
0.0
0.0
0.0
0.0
0.0
0.0
0.0
0.0
0.0
0.0
0.0
0.0
0.0
0.0
0.0
0.0
0.0
0.0
0.0
0.0
-0.2692086234067781
0.0
0.0
-0.017951450966184
-0.4615978917935497
-0.7716618356000631
-1.1946089155297865
-1.5896265435627617
-1.8047383115773854
-2.594485796336418
-3.534707896077787
-4.067289341786094
-5.082503076282213
-4.96978715455808
0.0
-1.7051445719479807
-3.3554604188846375
-5.0902243131543985
-6.795197684217086
-8.47501045859888
-7.958653946427306
-7.545058383099892
-6.9910039209400905
-8.47670615491305
-5.096001542528191
-2.010416532074458
0.0
-0.9997436734182326
-2.427669878353544
-3.9423045246675272
-5.907193416387616
-3.694429991454737
0.0
0.0
0.0
-0.9490443785853704
0.0
0.0
0.0
0.0
-1.57215945463473
-3.374615082530884
-4.720459354156448
-5.946929110886523
-7.394477606347089
-9.053689595223327
-10.473769974431669
-7.383816945954386
-8.817969274353073
-9.62763358225637
-10.827666987958152
-11.922131469428773
-13.062983348152654
-14.621440352196744
-16.29662937425646
-16.839915900603163
0.0
0.0
0.0
0.0
0.0
0.0
0.0
0.0
0.0
0.0
0.0
0.0
0.0
0.0
0.0
0.0
0.0
0.0
0.0
-0.3203504748532072
-0.49117685616041956
-0.9519387320320313
-1.5732468995651283
-1.8885113734563672
-2.2926367864205037
-2.3029627890872555
-2.618227262978494
-2.618227262978494
-2.618227262978494
-1.730767469653937
-1.7275964246899405
-1.7275964246899405
-1.872522036949142
-2.116400585003396
-2.5657566795364715
-2.557128982038958
-2.8475508898934208
-2.2536486591574363
-1.3432904022260364
-0.8661333406153182
0.0
0.0
-0.08628211196177887
-0.08628211196177887
-0.08628211196177887
-0.08628211196177887
-0.35900368292684787
0.0
0.0
0.0
0.0
0.0
0.0
0.0
0.0
0.0
0.0
0.0
0.0
0.0
0.0
0.0
0.0
0.0
0.0
0.0
0.0
0.0
0.0
0.0
0.0
0.0
0.0
0.0
0.0
0.0
0.0
0.0
0.0
0.0
0.0
0.0
0.0
0.0
0.0
0.0
0.0
0.0
0.0
0.0
0.0
0.0
0.0
0.0
0.0
0.0
0.0
0.0
0.0
0.0
0.0
0.0
0.0
0.0
0.0
0.0
0.0
0.0
0.0
0.0
0.0
0.0
0.0
0.0
0.0
0.0
0.0
0.0
0.0
0.0
0.0
0.0
0.0
0.0
0.0
0.0
0.0
0.0
0.0
0.0
0.0
0.0
0.0
0.0
0.0
0.0
0.0
0.0
0.0
0.0
0.0
0.0
0.0
0.0
0.0
0.0
0.0
0.0
0.0
0.0
0.0
0.0
0.0
0.0
0.0
0.0
0.0
0.0
0.0
0.0
0.0
0.0
0.0
0.0
0.0
0.0
0.0
0.0
0.0
0.0
0.0
0.0
0.0
0.0
0.0
0.0
0.0
0.0
0.0
0.0
0.0
0.0
0.0
0.0
0.0
0.0
0.0
0.0
0.0
0.0
0.0
0.0
0.0
0.0
0.0
0.0
0.0
0.0
0.0
0.0
0.0
0.0
0.0
0.0
0.0
0.0
0.0
0.0
0.0
0.0
0.0
0.0
0.0
0.0
0.0
0.0
0.0
0.0
0.0
0.0
0.0
0.0
0.0
0.0
0.0
0.0
0.0
0.0
0.0
0.0
0.0
0.0
0.0
0.0
0.0
0.0
0.0
0.0
0.0
0.0
0.0
0.0
0.0
0.0
0.0
0.0
0.0
0.0
0.0
0.0
0.0
0.0
0.0
0.0
0.0
0.0
0.0
0.0
0.0
0.0
0.0
0.0
0.0
0.0
0.0
0.0
0.0
0.0
0.0
0.0
0.0
0.0
0.0
0.0
0.0
0.0
0.0
0.0
0.0
0.0
0.0
0.0
-0.5962739855770484
0.0
0.0
-0.5639918930511185
-1.1678711509968467
-2.000172062018623
-2.5827458722831507
0.0
0.0
0.0
-0.37949910009089993
-0.36197190115095007
0.0
0.0
0.0
0.0
-0.07470235796505187
0.0
-0.11405825358819466
-0.7156706182104857
0.0
0.0
-0.8592642225488849
0.0
0.0
0.0
-1.0630543415703246
-2.1493362456718215
0.0
-0.14611684779281542
-0.7134610063640274
-0.07834045616645158
-0.632375691559814
0.0
-1.0036344396304218
-1.7750893998223012
0.0
-1.6536640443384896
-3.3288355951602115
-5.027092290573766
-3.2348369606117764
-4.584784630330887
-5.0189293757046505
-4.586661006941654
-0.7859363450939929
0.0
-1.518555491783432
0.0
-1.4503732478467104
-2.9932678859773185
-4.536162524107926
-4.4297759803577925
-2.6373159762068594
-4.040351015787295
-5.059113989057862
-3.198917643082998
-3.7698239513253498
-5.202248271358119
-6.784857683817627
-8.264360092630428
-9.821888698808873
-11.801800596838318
-13.82475245726289
-11.628729106809963
-13.648628346726083
-14.179716512572442
-16.14307812583145
-18.28319823934451
-20.280632842961225
-22.266760635009934
-24.160547850025182
-26.246697113520874
-28.42923413767787
-19.92852515336702
-18.984116785494606
-15.438192433926567
-16.853633566181124
-14.243234385252638
-9.040084475296975
-8.695498439382627
-9.308169435208123
-10.079847637366912
-10.033899186128211
-4.199689427982862
-4.497801330019077
-5.106171944770224
-5.960661989113807
-5.840526579998591
-3.5072729543690957
-3.510509588477899
-4.046468451982493
-4.576018953753499
-5.120006016539852
-5.974496060883435
-6.78407875361795
-7.534241395538804
-8.127704152583126
-3.1074020281042216
-4.244034977539193
-4.097737545764624
-1.4696097785607471
0.0
-0.33986554279981124
0.0
0.0
0.0
-0.09224530543687393
0.0
0.0
0.0
-0.5219379185447397
-0.5181717386141429
0.0
-0.4929734202924795
0.0
-0.4031691667036865
-1.078111845426017
0.0
0.0
-0.2793541114678688
0.0
0.0
-0.3657687763914164
-0.8532692839282474
0.0
0.0
-0.13562498377744625
-0.8568274589745142
-1.4832466655639944
-2.0922701167355333
-2.5480206410388435
-2.2226564221772493
0.0
0.0
0.0
0.0
0.0
-0.04855462712434343
-0.04855462712434343
-0.04855462712434343
0.0
0.0
0.0
0.0
0.0
0.0
0.0
-0.10838246698453582
-0.42753466144662433
0.0
0.0
0.0
0.0
0.0
0.0
0.0
0.0
0.0
0.0
0.0
0.0
0.0
0.0
0.0
0.0
0.0
0.0
0.0
0.0
0.0
0.0
0.0
0.0
0.0
0.0
0.0
0.0
0.0
0.0
0.0
0.0
0.0
0.0
0.0
0.0
0.0
0.0
0.0
0.0
0.0
0.0
0.0
0.0
0.0
0.0
0.0
0.0
0.0
0.0
0.0
0.0
0.0
0.0
0.0
0.0
0.0
0.0
0.0
0.0
0.0
0.0
0.0
0.0
0.0
0.0
0.0
0.0
0.0
0.0
0.0
0.0
0.0
0.0
0.0
0.0
0.0
0.0
0.0
0.0
0.0
0.0
0.0
0.0
0.0
0.0
0.0
0.0
0.0
0.0
0.0
0.0
0.0
0.0
0.0
0.0
0.0
0.0
0.0
0.0
0.0
0.0
0.0
0.0
0.0
0.0
0.0
0.0
0.0
0.0
0.0
0.0
0.0
0.0
0.0
0.0
0.0
0.0
0.0
0.0
0.0
0.0
0.0
0.0
0.0
0.0
0.0
0.0
0.0
0.0
0.0
0.0
0.0
0.0
0.0
0.0
0.0
0.0
0.0
0.0
0.0
0.0
0.0
0.0
0.0
0.0
0.0
0.0
0.0
0.0
0.0
0.0
0.0
0.0
0.0
0.0
0.0
0.0
0.0
0.0
0.0
0.0
0.0
0.0
0.0
0.0
0.0
0.0
0.0
0.0
0.0
0.0
0.0
0.0
0.0
-0.12494143425903204
-0.0075569149109199485
-0.11260408624041654
-0.19073278284919695
-0.027740364072089047
0.0
0.0
0.0
0.0
0.0
0.0
0.0
0.0
0.0
0.0
0.0
-0.23235483776009816
0.0
-0.19002177793554959
-0.6699407888717412
0.0
0.0
0.0
-0.8158761189653657
-1.4133777174420699
-2.3196745693911334
-2.763486997711355
0.0
0.0
0.0
0.0
0.0
-0.30017888240755564
-0.8779024316917889
-1.8172081193434617
-2.5898176486261884
-3.5355204398575824
-1.8742310616380895
0.0
0.0
0.0
0.0
0.0
0.0
0.0
0.0
-0.37227976878162544
-1.297181344217264
-1.9616098630703345
-0.9656119856796495
-0.1819467656181757
0.0
0.0
0.0
0.0
-0.5411968382919217
-1.053113886699457
-1.051141679765532
-1.3445366547448618
0.0
0.0
-0.5134005356344304
-0.20122022449383042
0.0
0.0
-0.14726936481042285
0.0
0.0
-0.2509794220864654
-0.1325992818129622
-0.22641989837726761
0.0
-0.9729066029236046
0.0
-0.8149728426520733
-1.1530936590914032
-2.0866327885188025
-0.08569211312131708
-1.284280639799042
-1.332934245306589
0.0
0.0
-0.4199405998671035
0.0
-1.268600384271078
-1.2665918190939895
0.0
0.0
-1.0044728090550146
-1.719396784185759
-2.6186770614779524
0.0
0.0
0.0
0.0
-1.5815812163669993
-2.1644018625139196
-3.5345834319266043
-1.5194182508393377
-2.9395754045738203
-4.371018246328804
-3.596306168634759
-4.749668776341482
-5.82286519653479
-0.4986801226392288
-1.8039503740609413
0.0
0.0
-0.8709994674065763
-1.3247439278860942
0.0
0.0
0.0
0.0
-0.4612197379787668
0.0
-0.8580747288738951
-1.7252092059866093
0.0
-1.2419324139355645
0.0
0.0
-1.1384519991323931
-1.7881966326243754
-3.1727761094220703
-4.616553325045688
-6.069655425715005
-5.4381724913628595
0.0
-1.3459993824666026
-0.7773529649852773
-0.593786364505687
-0.5943569514935594
-0.5943569514935594
0.0
0.0
0.0
0.0
0.0
0.0
-0.001911035688187901
-0.08769281895086406
-0.10584704300934983
-0.36380374470775545
-0.9660732300719127
-1.5683427154360698
-0.46850375789471776
-0.3859055686837739
0.0
0.0
0.0
0.0
-0.06014534466801119
0.0
0.0
0.0
0.0
0.0
0.0
0.0
0.0
-0.0030428228708418437
0.0
0.0
0.0
0.0
0.0
0.0
0.0
0.0
0.0
0.0
-0.07096700790203936
-0.354004099288528
-0.25364930814014447
0.0
0.0
0.0
0.0
0.0
0.0
0.0
0.0
0.0
0.0
0.0
0.0
0.0
0.0
0.0
0.0
0.0
0.0
0.0
0.0
0.0
0.0
0.0
0.0
0.0
0.0
0.0
0.0
0.0
0.0
0.0
0.0
0.0
0.0
0.0
0.0
0.0
0.0
0.0
0.0
0.0
0.0
0.0
0.0
0.0
0.0
0.0
0.0
0.0
0.0
0.0
0.0
0.0
0.0
0.0
0.0
0.0
0.0
0.0
0.0
0.0
0.0
0.0
0.0
0.0
0.0
0.0
0.0
0.0
0.0
0.0
0.0
0.0
0.0
0.0
0.0
0.0
0.0
0.0
0.0
0.0
0.0
0.0
0.0
0.0
0.0
0.0
0.0
0.0
0.0
0.0
0.0
0.0
0.0
0.0
0.0
0.0
0.0
0.0
0.0
0.0
0.0
0.0
0.0
0.0
0.0
0.0
0.0
0.0
0.0
0.0
0.0
0.0
0.0
0.0
0.0
0.0
0.0
0.0
0.0
0.0
0.0
0.0
0.0
0.0
0.0
0.0
0.0
0.0
0.0
0.0
0.0
0.0
0.0
0.0
0.0
0.0
0.0
0.0
0.0
0.0
0.0
0.0
0.0
0.0
0.0
0.0
0.0
0.0
0.0
0.0
0.0
0.0
0.0
0.0
0.0
0.0
0.0
0.0
0.0
0.0
0.0
0.0
0.0
0.0
0.0
0.0
0.0
0.0
0.0
0.0
0.0
0.0
0.0
0.0
0.0
0.0
0.0
0.0
0.0
0.0
0.0
0.0
0.0
0.0
0.0
0.0
0.0
0.0
0.0
0.0
0.0
0.0
0.0
0.0
0.0
0.0
0.0
0.0
0.0
0.0
0.0
0.0
0.0
0.0
0.0
0.0
0.0
0.0
0.0
0.0
0.0
-0.33696675079710026
0.0
0.0
-0.0069217871944067255
0.0
0.0
-0.2717217102611849
-0.6664222574786154
0.0
0.0
0.0
0.0
0.0
0.0
0.0
0.0
-0.1732030518478102
-0.12968272661991248
0.0
0.0
0.0
0.0
0.0
-0.6587455793736647
-0.8309072890009244
0.0
0.0
0.0
0.0
0.0
0.0
0.0
-0.5986791581643613
0.0
-0.7761903832111872
-1.5778916990608942
-1.3687545123265843
0.0
0.0
-0.7422575846469707
-1.7917603046809742
0.0
0.0
0.0
0.0
0.0
0.0
0.0
0.0
0.0
0.0
0.0
-0.8584852650156294
-1.5881635896770903
-2.3276107042835825
-3.0916417871702917
-3.4875610221486255
-3.922185072269199
-2.5581734544292356
-2.6879911453695446
-3.1530414432960856
-0.0824828536780422
-0.8468764784115999
-1.7167879288883086
-3.0339467110922413
-2.7782726721377355
-4.297224205726299
-5.340268387230437
-6.9762235933186165
-8.621832206437638
-10.23951079144191
-11.867854363062438
-13.479971520434821
-15.045078879449385
-16.576953947566576
-18.096803236459028
-19.654876793273434
-20.54429807511419
-18.81857298708512
-12.508710457187373
-13.993915866161801
-15.41896373717311
-15.739954556061925
-15.47932686729991
-14.90749490394333
-15.627910415983884
-15.973589901293824
-17.36536617775891
-4.578379932892844
-2.0709503826785327
-1.4777777574268076
0.0
0.0
0.0
0.0
0.0
0.0
-0.5829310066705738
-1.4307274564994272
-2.5894792231160935
-2.397573927039237
0.0
0.0
0.0
0.0
-0.28981379511540767
-0.041092629115498436
-0.05549743793111149
-0.18469988202723614
-0.4176892127813927
-0.6715371889750713
-0.2011673217721427
0.0
0.0
-0.9512710370583471
-2.020472968686883
0.0
-1.1490100761768016
-2.3051875271431967
-3.451673923959978
-3.423324035050771
-3.9226421333488575
-2.6983943262930534
0.0
-0.274838678822386
-0.8871270005550287
-1.5763664111154219
-1.9428029004373966
-0.8590419444015109
-0.962848769369194
-1.1660313314895188
-1.5161860904212006
-2.1218102759102226
-2.885238560619384
-3.827994671663141
-4.7781708543241255
-5.451422951841093
-5.674546830737345
-2.3923146906276918
-1.9531204685852173
-1.6553049783857965
-1.738601208137787
-1.4948596936481884
0.0
0.0
0.0
0.0
0.0
0.0
0.0
0.0
0.0
0.0
0.0
0.0
0.0
0.0
0.0
0.0
0.0
0.0
0.0
0.0
0.0
0.0
0.0
0.0
0.0
0.0
0.0
0.0
0.0
0.0
0.0
0.0
0.0
0.0
0.0
0.0
0.0
0.0
0.0
0.0
0.0
0.0
0.0
0.0
0.0
0.0
0.0
0.0
0.0
0.0
0.0
0.0
0.0
0.0
0.0
0.0
0.0
0.0
0.0
0.0
0.0
0.0
0.0
0.0
0.0
0.0
0.0
0.0
0.0
0.0
0.0
0.0
0.0
0.0
0.0
0.0
0.0
0.0
0.0
0.0
0.0
0.0
0.0
0.0
0.0
0.0
0.0
0.0
0.0
0.0
0.0
0.0
0.0
0.0
0.0
0.0
0.0
0.0
0.0
0.0
0.0
0.0
0.0
0.0
0.0
0.0
0.0
0.0
0.0
0.0
0.0
0.0
0.0
0.0
0.0
0.0
0.0
0.0
0.0
0.0
0.0
0.0
0.0
0.0
0.0
0.0
0.0
0.0
0.0
0.0
0.0
0.0
0.0
0.0
0.0
0.0
0.0
0.0
0.0
0.0
0.0
0.0
0.0
0.0
0.0
0.0
0.0
0.0
0.0
0.0
0.0
0.0
0.0
0.0
0.0
0.0
0.0
0.0
0.0
0.0
0.0
0.0
0.0
0.0
0.0
0.0
0.0
0.0
0.0
0.0
0.0
0.0
0.0
0.0
0.0
0.0
0.0
0.0
0.0
0.0
0.0
0.0
0.0
0.0
0.0
0.0
0.0
0.0
0.0
0.0
0.0
0.0
0.0
0.0
0.0
0.0
0.0
0.0
0.0
0.0
0.0
0.0
0.0
0.0
0.0
0.0
0.0
0.0
0.0
0.0
0.0
0.0
0.0
0.0
0.0
0.0
0.0
0.0
0.0
0.0
0.0
0.0
0.0
-0.2679887463104451
0.0
0.0
0.0
0.0
0.0
0.0
0.0
0.0
0.0
0.0
0.0
-0.33124198678738503
-0.3581373872216105
0.0
0.0
0.0
0.0
0.0
0.0
0.0
0.0
0.0
0.0
0.0
0.0
0.0
0.0
0.0
-0.33391087926780416
-0.49672698977045693
-1.1904186182310748
-0.8513575456322509
-1.173528703410706
-0.9489761067188816
-0.8437299126534625
-1.4476189003751865
-2.1294305142978573
-2.732710100421343
-3.182669104092077
-3.9287400184741346
0.0
0.0
0.0
0.0
-0.5471820199148962
-1.1859912675465958
-1.638628735514065
-1.9940911884719354
-2.645731981593061
-0.7475617902044038
0.0
0.0
-0.44539048021928007
0.0
-0.20868559027942846
-0.9749386149562516
0.0
-1.1317128501494484
-2.67199345944239
-4.146356649116787
-5.65382896034124
-5.741867732541223
-7.235661005230208
-8.715673487415803
-8.957476482273467
-10.498645380765089
-12.08048824596242
-13.465208396644707
-15.071204618314116
-14.308351579249845
-15.928820432926333
-17.539779821751075
-18.976657001272326
-17.889664836579698
-10.273062825611536
-9.090942375633649
-10.38811264159381
-11.88470480270835
-12.59066561374207
-13.964229258315068
-14.649873084589954
-16.14240654617125
-16.85399376618427
-14.928742913580585
-14.611637091642393
-16.104170553223693
-17.010790937783494
-18.347893593292195
-18.705431109425405
0.0
0.0
0.0
-0.7101710286729079
-1.9574199591879862
-2.9454358913997085
-3.594746779372938
0.0
-0.10719085384989589
-0.7737421559907254
0.0
-0.10824875868560813
-0.27640360102547357
0.0
-0.17226420792885316
0.0
0.0
0.0
0.0
0.0
0.0
0.0
0.0
-0.5652129370457538
-1.120296337882551
-1.6320354633558058
-2.158577380144093
-2.9179975079082423
-4.091685902887394
0.0
0.0
-0.8643747933532211
-1.9196011704743021
0.0
-0.5026206093094507
-1.271785652709499
-2.0111600907141227
-2.6145292429861007
-3.5498739601058378
-3.5577960468945924
-3.0743384145801937
-3.058892696027162
-1.752977507175621
-0.8022239139274325
-0.28973406764093734
-0.18575308333905813
-0.10776513814565922
0.0
0.0
0.0
0.0
0.0
0.0
0.0
0.0
0.0
0.0
0.0
0.0
0.0
0.0
0.0
0.0
0.0
0.0
0.0
0.0
0.0
0.0
0.0
0.0
0.0
0.0
0.0
0.0
0.0
0.0
0.0
0.0
0.0
0.0
0.0
0.0
0.0
0.0
0.0
0.0
0.0
0.0
0.0
0.0
0.0
0.0
0.0
0.0
0.0
0.0
0.0
0.0
0.0
0.0
0.0
0.0
0.0
0.0
0.0
0.0
0.0
0.0
0.0
0.0
0.0
0.0
0.0
0.0
0.0
0.0
0.0
0.0
0.0
0.0
0.0
0.0
0.0
0.0
0.0
0.0
0.0
0.0
0.0
0.0
0.0
0.0
0.0
0.0
0.0
0.0
0.0
0.0
0.0
0.0
0.0
0.0
0.0
0.0
0.0
0.0
0.0
0.0
0.0
0.0
0.0
0.0
0.0
0.0
0.0
0.0
0.0
0.0
0.0
0.0
0.0
0.0
0.0
0.0
0.0
0.0
0.0
0.0
0.0
0.0
0.0
0.0
0.0
0.0
0.0
0.0
0.0
0.0
0.0
0.0
0.0
0.0
0.0
0.0
0.0
0.0
0.0
0.0
0.0
0.0
0.0
0.0
0.0
0.0
0.0
0.0
0.0
0.0
0.0
0.0
0.0
0.0
0.0
0.0
0.0
0.0
0.0
0.0
0.0
0.0
0.0
0.0
0.0
0.0
0.0
0.0
0.0
0.0
0.0
0.0
0.0
0.0
0.0
0.0
0.0
0.0
0.0
0.0
0.0
0.0
0.0
0.0
0.0
0.0
0.0
0.0
0.0
0.0
0.0
0.0
0.0
0.0
0.0
0.0
0.0
0.0
0.0
0.0
0.0
0.0
0.0
0.0
0.0
0.0
0.0
0.0
0.0
0.0
0.0
0.0
0.0
0.0
0.0
0.0
0.0
0.0
0.0
0.0
0.0
0.0
0.0
0.0
0.0
0.0
0.0
0.0
0.0
0.0
0.0
0.0
0.0
0.0
0.0
0.0
0.0
0.0
0.0
0.0
0.0
0.0
0.0
0.0
0.0
0.0
0.0
0.0
0.0
0.0
0.0
0.0
0.0
0.0
0.0
0.0
0.0
0.0
0.0
0.0
0.0
0.0
0.0
-0.42280842139998365
-0.9202915226140789
-1.2672202714593839
-1.3366892501188896
-1.7294655653814648
-2.4764703244936763
-2.345440998938308
-1.85537115570687
-2.390877092171816
-2.8736404906942523
-3.5609409422082634
-3.8080886346014027
-1.4698792430973144
0.0
-1.4805488299850058
-3.0504644292161904
-4.629839565308899
-5.469460315041215
-6.3266481636641325
-7.653310633618153
-9.087928823723647
-9.876205597528099
-11.482757961160363
-13.075941745214177
-4.561555679168279
-4.4423544866712135
0.0
-1.00614024108011
0.0
0.0
-1.4580355881291858
-1.5201322502010313
-1.7221690804901328
-3.6846316562187784
-5.564681101818461
-4.513941407661909
-5.7392190528100775
-7.184906535966216
-8.22611760239567
-9.325194472425194
-9.02614190807796
-10.8533447047835
-10.10172049565169
-11.428802721280235
-12.955087442833369
-12.519407622756841
-10.023132264767284
-11.829378497325845
-13.936214511822797
-16.122281938904518
-18.221705580984164
-20.137502214402364
-22.22935308349043
-24.223772244399733
-24.996968240020177
-22.363843896458373
-20.509817393617304
-22.008305684697266
-22.073560583211975
-22.455301694323943
-23.77582302183402
-25.118182027389892
-26.64647868979927
-28.19444332693986
-29.790829732029348
-23.60055816554184
-24.82167431225274
-26.27968233983156
-26.91715069644594
-26.65824765880173
-28.01627454429796
-28.932873966864953
-30.000991396232724
-31.195332455977237
-32.92214289956815
-34.54709373376389
-35.97423599690246
-36.63329298322479
-34.700157938332204
-31.55301444076467
-31.86792603096989
-32.21802691034922
-33.059575625113276
-33.0800399735268
-33.849826645881016
-34.62900963055052
-35.656859742918954
-31.84146481135471
-27.34459030236713
-27.907955147954418
-23.623569915175338
-23.958320848680536
-24.441989425237598
-25.369510377593194
-26.468341435241502
-27.567803212347034
-28.451793480240855
-29.45008278834596
-30.4180006084456
-29.13521428196148
-19.968676544163838
-17.993240208154905
-17.993240208154905
-17.938044568962503
-17.243352410993587
-15.297970560706904
-14.653671629600833
-14.78653165480232
-15.041266495414307
0.0
0.0
0.0
0.0
0.0
0.0
0.0
0.0
0.0
0.0
0.0
0.0
0.0
0.0
0.0
0.0
0.0
0.0
0.0
0.0
0.0
0.0
0.0
0.0
0.0
0.0
0.0
0.0
0.0
0.0
0.0
0.0
0.0
0.0
0.0
0.0
0.0
0.0
0.0
0.0
0.0
0.0
0.0
0.0
0.0
0.0
0.0
0.0
0.0
0.0
0.0
0.0
0.0
0.0
0.0
0.0
0.0
0.0
0.0
0.0
0.0
0.0
0.0
0.0
0.0
0.0
0.0
0.0
0.0
0.0
0.0
0.0
0.0
0.0
0.0
0.0
0.0
0.0
0.0
0.0
0.0
0.0
0.0
0.0
0.0
0.0
0.0
0.0
0.0
0.0
0.0
0.0
0.0
0.0
0.0
0.0
0.0
0.0
0.0
0.0
0.0
0.0
0.0
0.0
0.0
0.0
0.0
0.0
0.0
0.0
0.0
0.0
0.0
0.0
0.0
0.0
0.0
0.0
0.0
0.0
0.0
0.0
0.0
0.0
0.0
0.0
0.0
0.0
0.0
0.0
0.0
0.0
0.0
0.0
0.0
0.0
0.0
0.0
0.0
0.0
0.0
0.0
0.0
0.0
0.0
0.0
0.0
0.0
0.0
0.0
0.0
0.0
0.0
0.0
0.0
0.0
0.0
0.0
0.0
0.0
0.0
0.0
0.0
0.0
0.0
0.0
0.0
0.0
0.0
0.0
0.0
0.0
0.0
0.0
0.0
0.0
0.0
0.0
0.0
0.0
0.0
0.0
0.0
0.0
0.0
0.0
0.0
0.0
0.0
0.0
0.0
0.0
0.0
0.0
0.0
0.0
0.0
0.0
0.0
0.0
0.0
0.0
0.0
0.0
0.0
0.0
0.0
0.0
0.0
0.0
0.0
0.0
0.0
0.0
0.0
0.0
0.0
-0.0599527723362151
0.0
0.0
0.0
0.0
0.0
0.0
0.0
0.0
0.0
0.0
0.0
0.0
0.0
0.0
0.0
0.0
0.0
0.0
0.0
0.0
0.0
0.0
0.0
0.0
0.0
0.0
0.0
0.0
0.0
0.0
0.0
0.0
0.0
0.0
0.0
0.0
0.0
0.0
-0.38542263146419153
0.0
0.0
0.0
0.0
-0.6886076906098282
-0.7157171401591347
0.0
0.0
0.0
0.0
0.0
-0.6241978362960985
-0.651307285845405
-0.35796471207089375
0.0
0.0
0.0
-0.42348627044097165
-0.6185675883443562
-0.7695659035496887
-0.9352995951637693
-1.0120234927342644
-1.1630218079395969
-1.3140201231449293
0.0
-0.3912983154900518
0.0
-1.4968024634252244
0.0
-0.6496401554479758
0.0
0.0
-1.3723587094866854
-2.7447174189733707
-1.2059658527302652
-1.7331514083523707
-3.205339453198027
-4.8157214130972985
-6.432509247103986
-8.046116202340961
-9.35092027752139
-8.45316694853038
-9.014367500243857
-3.912480842849309
-3.0547156115609573
-4.376994020489186
-5.852360645315998
-7.219840676244713
-8.703503468830936
-5.095582785245833
-5.708140295813087
-3.2661763123795393
0.0
0.0
0.0
0.0
-0.2658945754727379
-0.12161304577920978
0.0
-0.5362215610779387
-1.2111701087512867
-2.149871947802346
-3.1396239513064224
-3.9146886355442523
-4.399536655858419
-5.286201854001719
-5.79958850198287
-0.22568549909805835
-0.5071264426596456
-0.8640711274408914
-0.9866076097896386
-0.8691754034351014
-1.3406411802044573
0.0
0.0
-0.54802327038202
-2.0360053788170847
-3.058583266104114
-4.191037465474568
-5.197289774898009
-6.447355510359608
-7.533610110851655
-8.696191326777221
-10.211701910727871
-11.716066222814456
-12.597329849045769
-13.236534733456743
-14.282591392921987
-14.010643298885189
-14.063704396464246
-5.6871428234464325
-6.222652757318869
-5.394547163084415
-5.351709988952885
-5.324356168134276
-5.218446375913027
-5.218446375913027
-5.218446375913027
-5.218446375913027
-4.778672056877146
-4.8196206967335
0.0
0.0
0.0
0.0
0.0
0.0
0.0
0.0
0.0
0.0
0.0
-0.005403072245755924
0.0
0.0
0.0
0.0
0.0
0.0
0.0
0.0
0.0
0.0
0.0
0.0
0.0
0.0
0.0
0.0
0.0
0.0
0.0
0.0
0.0
0.0
0.0
0.0
0.0
0.0
0.0
0.0
0.0
0.0
0.0
0.0
0.0
0.0
0.0
0.0
0.0
0.0
0.0
0.0
0.0
0.0
0.0
0.0
0.0
0.0
0.0
0.0
0.0
0.0
0.0
0.0
0.0
0.0
0.0
0.0
0.0
0.0
0.0
0.0
0.0
0.0
0.0
0.0
0.0
0.0
0.0
0.0
0.0
0.0
0.0
0.0
0.0
0.0
0.0
0.0
0.0
0.0
0.0
0.0
0.0
0.0
0.0
0.0
0.0
0.0
0.0
0.0
0.0
0.0
0.0
0.0
0.0
0.0
0.0
0.0
0.0
0.0
0.0
0.0
0.0
0.0
0.0
0.0
0.0
0.0
0.0
0.0
0.0
0.0
0.0
0.0
0.0
0.0
0.0
0.0
0.0
0.0
0.0
0.0
0.0
0.0
0.0
0.0
0.0
0.0
0.0
0.0
0.0
0.0
0.0
0.0
0.0
0.0
0.0
0.0
0.0
0.0
0.0
0.0
0.0
0.0
0.0
0.0
0.0
0.0
0.0
0.0
0.0
0.0
0.0
0.0
0.0
0.0
0.0
0.0
0.0
0.0
0.0
0.0
0.0
0.0
0.0
0.0
0.0
0.0
0.0
0.0
0.0
0.0
0.0
0.0
0.0
0.0
0.0
0.0
0.0
0.0
0.0
0.0
0.0
0.0
0.0
0.0
0.0
0.0
0.0
0.0
0.0
0.0
0.0
0.0
0.0
0.0
0.0
0.0
0.0
0.0
0.0
0.0
0.0
0.0
0.0
0.0
0.0
0.0
-0.007719229736937061
-0.15333275502218358
0.0
0.0
0.0
0.0
0.0
0.0
0.0
0.0
0.0
-0.03668286972465762
0.0
0.0
-0.025612166937158953
0.0
0.0
0.0
0.0
0.0
0.0
0.0
-0.5329114768117946
-1.0348259087639626
0.0
-0.006784598226747818
0.0
0.0
0.0
0.0
0.0
0.0
0.0
0.0
0.0
0.0
0.0
0.0
0.0
0.0
0.0
0.0
0.0
0.0
0.0
0.0
0.0
0.0
0.0
0.0
0.0
0.0
0.0
0.0
0.0
0.0
0.0
-0.3919235772475287
-0.7647159210105685
-1.094897028871347
-0.6700823258940125
0.0
0.0
0.0
-0.8683156624953527
-1.6794642889487024
0.0
0.0
-1.1029817659678252
-2.1986352394040773
-3.239497403361745
-4.1758837566104345
-4.877298390300544
-5.855684743694329
-6.185780661518828
-0.8495361199004332
0.0
0.0
-1.4086713268563156
0.0
0.0
0.0
-0.6326226042214975
-0.051516294992639655
0.0
0.0
0.0
0.0
-0.8101574474731792
-2.203653039037344
-3.0616796684227787
-4.236009776222271
-5.485690148068017
-6.661135508184106
-7.098511491041524
-8.478203322640761
-7.147949497665197
-8.693885756432925
-10.191321431428527
-11.758990924018004
-13.081296067204006
-11.516822181244088
-12.38355297888371
-9.011564152947852
-0.4230059451465955
-0.6628074681748172
0.0
0.0
-0.1782012264074987
-1.0659052242322535
-2.043597117109309
-2.8619728481820355
-3.5996406226803552
-4.811790520276242
-6.014734542279939
-4.615290410391746
-5.760229234613989
-5.863656681701374
-7.039381917201393
-7.933433628039355
-8.863745127226206
-9.86387609639827
-9.037299901810819
-10.120185961853148
-11.338105173147698
-11.872164018897747
0.0
0.0
-0.9842532226685062
0.0
0.0
0.0
-0.5292142930921225
-0.5311080042387974
-0.5310967420506172
-0.5310967420506172
-0.5290196752514204
-0.7096778184562952
-0.7096778184562952
-0.7731955374395298
-1.0068122077455333
-0.9927339895199989
-0.9927339895199989
-0.9927339895199989
-0.9644580166809715
-0.9102685767785593
-0.9102685767785593
-0.9102685767785593
-0.9102685767785593
-0.8055515268896871
-0.6201719113588281
-0.6201719113588281
-0.24636528124417795
-0.19089989259963897
-0.054440989003785356
-0.054440989003785356
-0.041857260307001536
0.0
0.0
0.0
0.0
0.0
0.0
0.0
0.0
0.0
0.0
0.0
0.0
0.0
0.0
0.0
0.0
0.0
0.0
0.0
0.0
0.0
0.0
0.0
0.0
0.0
0.0
0.0
0.0
0.0
0.0
0.0
0.0
0.0
0.0
0.0
0.0
0.0
0.0
0.0
0.0
0.0
0.0
0.0
0.0
0.0
0.0
0.0
0.0
0.0
0.0
0.0
0.0
0.0
0.0
0.0
0.0
0.0
0.0
0.0
0.0
0.0
0.0
0.0
0.0
0.0
0.0
0.0
0.0
0.0
0.0
0.0
0.0
0.0
0.0
0.0
0.0
0.0
0.0
0.0
0.0
0.0
0.0
0.0
0.0
0.0
0.0
0.0
0.0
0.0
0.0
0.0
0.0
0.0
0.0
0.0
0.0
0.0
0.0
0.0
0.0
0.0
0.0
0.0
0.0
0.0
0.0
0.0
0.0
0.0
0.0
0.0
0.0
0.0
0.0
0.0
0.0
0.0
0.0
0.0
0.0
0.0
0.0
0.0
0.0
0.0
0.0
0.0
0.0
0.0
0.0
0.0
0.0
0.0
0.0
0.0
0.0
0.0
0.0
0.0
0.0
0.0
0.0
0.0
0.0
0.0
0.0
0.0
0.0
0.0
0.0
0.0
0.0
0.0
0.0
0.0
0.0
0.0
0.0
0.0
0.0
0.0
0.0
0.0
0.0
0.0
0.0
0.0
0.0
0.0
0.0
0.0
0.0
0.0
0.0
0.0
0.0
0.0
0.0
0.0
0.0
0.0
0.0
0.0
0.0
0.0
0.0
0.0
0.0
0.0
0.0
0.0
0.0
0.0
0.0
0.0
0.0
0.0
0.0
0.0
0.0
0.0
0.0
0.0
0.0
0.0
0.0
0.0
0.0
0.0
0.0
0.0
0.0
0.0
0.0
0.0
0.0
0.0
0.0
0.0
0.0
0.0
0.0
0.0
0.0
0.0
0.0
0.0
0.0
0.0
0.0
0.0
0.0
0.0
0.0
0.0
0.0
0.0
0.0
0.0
0.0
0.0
0.0
-0.027601321318117433
0.0
0.0
0.0
0.0
0.0
-0.3017738099725731
0.0
0.0
0.0
0.0
0.0
0.0
0.0
-0.5186531479515757
0.0
-0.5845428401176915
-1.3161287072205499
-1.2836370557625167
-1.6305813406950687
-1.8922258320241954
-2.2250711745296803
-2.586065896137111
-3.1515211247640185
-2.959084997567853
-0.9771402205667916
0.0
-1.5432721319016118
-3.2301154635668885
-4.957813930068296
-6.5982918484037825
-0.58200965548704
0.0
0.0
0.0
-1.3551546530020204
-3.0920526485917224
-4.903251073361239
-1.4815815276185487
0.0
0.0
-0.8247181765711586
-2.3405824359185634
-3.8527792980429965
-5.254324364194226
-6.747407614630024
-8.280872456861584
-9.793069318986017
-11.297778379863225
-13.226366077207246
-15.167635302714341
-17.047076838068257
-14.53861582444905
-16.732970085316392
-14.710914147653785
-5.01563539796344
-6.788581511333025
-8.45014821885732
-3.641542761168287
-4.778328381313541
-4.009623741075613
0.0
0.0
-1.2508653635743712
0.0
0.0
-1.309119080187369
-3.0820651935569545
-4.926368187249532
-3.6023095764940267
-4.796522903591816
-6.080151569087716
-7.549515355743261
-8.52622929092595
-8.393038990004971
-9.62940599030674
-8.916696589348371
-5.049684315360452
-2.744621291246067
-2.2062179224905965
-2.26575803475544
-2.357017413035552
-2.1658694161731167
-0.14597647312008855
0.0
0.0
0.0
-0.06948888010488194
-0.09234608042472145
-0.6056783740643111
0.0
-0.03801055783910945
-0.6190596019879173
0.0
-0.9185573071333437
-1.5755599360321675
-2.7048952252639937
0.0
0.0
0.0
-0.9241821745878271
-1.7742353009471952
-2.1974857721178314
-2.8866211473131536
-3.5600989755112487
-4.512744324742554
-5.505817858317342
-6.34206758478369
-6.861820455500963
-7.654919112773845
-5.845591984971946
-6.541784495184534
-7.349990450115062
-7.277933057876689
-7.239292408485807
-5.95620708418772
-5.953387117074677
-5.953387117074677
-5.953387117074677
-5.935972060678751
-5.935972060678751
-5.935972060678751
-5.935972060678751
-5.935972060678751
-5.935972060678751
-5.935972060678751
-5.935972060678751
-6.068067571438158
-6.0798116681534005
-6.22959354748291
-5.0264204358043205
-5.201861675350205
-2.4145595891129457
0.0
0.0
0.0
0.0
0.0
0.0
0.0
0.0
0.0
0.0
0.0
0.0
0.0
0.0
0.0
0.0
0.0
0.0
0.0
0.0
0.0
0.0
0.0
0.0
0.0
0.0
0.0
0.0
0.0
0.0
0.0
0.0
0.0
0.0
0.0
0.0
0.0
0.0
0.0
0.0
0.0
0.0
0.0
0.0
0.0
0.0
0.0
0.0
0.0
0.0
0.0
0.0
0.0
0.0
0.0
0.0
0.0
0.0
0.0
0.0
0.0
0.0
0.0
0.0
0.0
0.0
0.0
0.0
0.0
0.0
0.0
0.0
0.0
0.0
0.0
0.0
0.0
0.0
0.0
0.0
0.0
0.0
0.0
0.0
0.0
0.0
0.0
0.0
0.0
0.0
0.0
0.0
0.0
0.0
0.0
0.0
0.0
0.0
0.0
0.0
0.0
0.0
0.0
0.0
0.0
0.0
0.0
0.0
0.0
0.0
0.0
0.0
0.0
0.0
0.0
0.0
0.0
0.0
0.0
0.0
0.0
0.0
0.0
0.0
0.0
0.0
0.0
0.0
0.0
0.0
0.0
0.0
0.0
0.0
0.0
0.0
0.0
0.0
0.0
0.0
0.0
0.0
0.0
0.0
0.0
0.0
0.0
0.0
0.0
0.0
0.0
0.0
0.0
0.0
0.0
0.0
0.0
0.0
0.0
0.0
0.0
0.0
0.0
0.0
0.0
0.0
0.0
0.0
0.0
0.0
0.0
0.0
0.0
0.0
0.0
0.0
0.0
0.0
0.0
0.0
0.0
0.0
0.0
0.0
0.0
0.0
0.0
0.0
0.0
0.0
0.0
0.0
0.0
0.0
0.0
0.0
0.0
0.0
0.0
0.0
0.0
0.0
0.0
0.0
0.0
0.0
0.0
0.0
-0.10384489123189233
0.0
-0.528985624548445
-0.8552082118346855
-1.6205928108661898
0.0
-0.9235802591729041
-1.9467700728578594
-2.545359749009101
-3.537486124831749
-4.4028106430611755
-4.710450289003415
-1.4152381976530548
-1.9956436149177235
0.0
0.0
0.0
-0.17386669268403257
-0.2738441930007001
-0.4915503423193178
-0.7629748582954281
0.0
-0.09400260860855636
0.0
0.0
0.0
-0.011926854328176528
-0.257371876938687
-0.5308999364134444
-1.6527751083238722
-3.3056139536196656
-5.014227440604675
-6.141877311742505
-6.406712492219805
-8.043115607808183
-9.2281238930904
-9.982111176700814
-10.80762047279264
-10.59960316396714
-12.171011583514748
-14.3248015346167
-16.525187056894907
-16.647475861822347
-10.08655552865314
-6.50816862110956
-3.470065252911777
-4.119955214753215
-6.043474407176305
-0.8110016863765299
-2.770014785377808
-3.985269513328202
-5.9941246837663655
-8.051995153085434
-10.321317991248144
-9.16833185742295
-9.99801131594424
-12.163369806498377
-14.17222497693654
-10.977614242086052
-7.963747675621192
-6.368286170456058
-7.677550128254856
-9.573020586816357
-2.780483860038231
-4.356737135551329
-2.92207454006406
0.0
0.0
0.0
-1.328767142619707
-0.16696814373302726
-1.6291280129554997
-2.6221814861819936
-1.6513727056516885
-3.5550643358414318
-5.458755966031175
-1.1125234518885678
0.0
-0.02010006513876539
0.0
0.0
-1.0499641825913621
-2.479426246265708
-4.238450431281924
0.0
0.0
-1.1822211430264509
-2.596084514225155
-4.023438695605987
-5.406588056870106
-4.6717993179653226
-6.5427970180334585
-8.435634206598843
-10.527890225798414
-12.409564979062626
-4.409788351674983
-5.516670711672894
-0.6634071705810536
-0.2928470363482442
0.0
-0.1313063729972631
-0.25997552104433785
-0.6755355588840022
-1.1860511947114059
-1.7155526194537756
-1.653882534751379
0.0
0.0
-0.22027933430884417
-0.5699561832057826
-1.1815370851198477
-1.7229091841623427
-2.393193768656799
0.0
0.0
-0.47750347421102035
-0.6955264591174303
-1.0771419855391409
-1.0771419855391409
-1.462559429772568
-0.7899796601608315
-0.6773394426505895
-0.5282097743394756
0.0
-0.025603027093464736
-0.5299849602388109
-1.0653464643594628
-1.6361958702823078
0.0
-0.2933723156707934
-1.049316360985392
-1.7401882895488927
0.0
-0.4550522451083817
0.0
0.0
0.0
0.0
-0.43231302365334184
-1.3294184377787979
-2.197098271081061
-3.094347013137851
-3.9620268464401147
-4.779765148383698
-5.7066316273375906
-6.631401398750976
-7.535782268169196
-8.300519907043629
-8.922368570878367
-9.805924580208494
-10.710305449626714
-11.598620380686913
-12.466300213989177
-8.071596571705607
-8.679695970483134
-9.083992462092558
-9.220066457027121
-9.93744906256045
-10.588528446849875
-11.295753047652076
-11.482669179998009
-11.645300251081471
-11.660532527474935
-11.660532527474935
-11.660532527474935
-11.660532527474935
-11.660532527474935
-11.660532527474935
-11.660532527474935
-11.660532527474935
-11.660532527474935
-11.660532527474935
-11.660532527474935
-11.660532527474935
-11.660532527474935
-11.660532527474935
-11.660532527474935
-11.660532527474935
-11.660532527474935
-11.660532527474935
-11.660532527474935
-11.660532527474935
-11.660532527474935
-11.660532527474935
-11.660532527474935
-11.660532527474935
-11.660532527474935
-11.660532527474935
-11.660532527474935
-11.660532527474935
-11.660532527474935
-11.660532527474935
-11.660532527474935
-11.660532527474935
-11.660532527474935
-11.660532527474935
-11.660532527474935
-11.660532527474935
-11.660532527474935
-11.660532527474935
-11.660532527474935
-11.411895909859357
-11.411895909859357
-11.411895909859357
-11.411895909859357
-11.411895909859357
-11.411895909859357
-11.411895909859357
-11.411895909859357
-11.411895909859357
-11.411895909859357
-11.411895909859357
-11.411895909859357
-11.411895909859357
-11.411895909859357
-11.411895909859357
-11.411895909859357
-11.411895909859357
-11.411895909859357
-9.90329110130822
-8.725005127933144
-8.672329599218477
-8.672329599218477
-8.5478234936674
-8.529061032551684
-7.407715473614431
-7.407715473614431
-7.407715473614431
-7.407715473614431
-7.407715473614431
-7.407715473614431
-7.407715473614431
-7.407715473614431
-7.407715473614431
-7.407715473614431
-7.407715473614431
-7.407715473614431
-7.407715473614431
-7.407715473614431
-7.407715473614431
-7.407715473614431
-7.407715473614431
-7.407715473614431
-7.407715473614431
-7.407715473614431
-7.407715473614431
-7.407715473614431
-7.379855980316024
-7.379855980316024
-7.379855980316024
-7.379855980316024
-7.379855980316024
-7.379855980316024
-7.379855980316024
-7.379855980316024
-7.379855980316024
-7.379855980316024
-7.379855980316024
-7.379855980316024
-7.379855980316024
-7.379855980316024
-7.379855980316024
-7.379855980316024
-7.379855980316024
-7.379855980316024
-7.379855980316024
-7.379855980316024
-7.2452815953212175
-7.210735577786911
-6.6438478771484455
-4.716623455609882
-3.6886117923426713
-3.5242057939444673
-3.4790989296889134
-3.467715525493361
-3.3124861931616425
-3.019416938647218
-2.7707803210316406
-2.1733583556420855
-2.06922322424398
-1.9681792428944014
-1.9516530482899963
-1.5303632513700989
-1.5303632513700989
-1.5303632513700989
-1.5303632513700989
-1.5087257339756404
-1.5087257339756404
-1.5087257339756404
-1.5087257339756404
-1.5087257339756404
-1.5087257339756404
-1.5087257339756404
-1.5087257339756404
-1.5087257339756404
-1.5087257339756404
-1.5087257339756404
-1.5087257339756404
-1.4741797164413337
-1.4741797164413337
-1.4605663245422118
-1.4605663245422118
-1.3259919395474051
0.0
0.0
0.0
0.0
0.0
0.0
0.0
0.0
0.0
0.0
0.0
0.0
0.0
0.0
0.0
0.0
0.0
0.0
0.0
0.0
0.0
0.0
0.0
0.0
0.0
0.0
0.0
0.0
0.0
0.0
0.0
0.0
0.0
0.0
0.0
0.0
0.0
0.0
0.0
0.0
0.0
0.0
0.0
0.0
0.0
0.0
0.0
0.0
0.0
0.0
0.0
-0.17924290498928264
-0.03783295502758399
0.0
0.0
-0.6094648532297511
0.0
0.0
0.0
0.0
0.0
0.0
0.0
0.0
0.0
-0.4524663700377164
-0.9812659529005784
-1.5780171541993062
0.0
0.0
0.0
0.0
0.0
0.0
0.0
0.0
0.0
0.0
0.0
-0.13818914751033717
0.0
0.0
0.0
0.0
0.0
0.0
0.0
0.0
0.0
-0.12431579561825101
-0.005116815091364524
0.0
0.0
0.0
0.0
0.0
-0.13326076625581806
0.0
0.0
-1.3412849066589028
-2.754879553232425
-4.359954105716748
-5.965028658201072
-7.547180573400077
-9.14853008881251
-10.730682004011515
-9.602203112852917
0.0
-0.9529262731773656
-1.9145592995301224
0.0
0.0
-1.9060603475792977
-3.02140629831075
-2.618110342584025
-1.5607757587157471
-1.9994376455842742
-3.9059563341124126
-5.718048240951645
-4.020530623677303
-5.261120140352
-2.885524827473672
-4.698363154216197
-4.913952232823252
-1.8294556964425928
-0.7049914242461757
-2.4789887625424845
-4.278724179841487
-6.288276022668283
-8.30794802828523
-10.214434694610821
-12.223986537437616
-13.767923526803845
-15.695303858486943
-17.52747953113851
-19.433966197464102
-21.173009054857438
-23.331117932396456
-24.30862776626774
-26.22557943383231
-28.100448585499013
-30.219598591427463
-32.34853122604831
-32.661153947701436
-34.79984041123153
-36.93852687476162
-39.13514741725476
-41.39813834125027
-43.46793268066228
-44.17411236435806
-35.40546355269322
-36.69336134993863
-35.43314851591747
-34.640741321126
-31.857218461550897
-32.78043359608217
-25.91864969419382
-24.00429138831294
-24.931422671608214
-21.86461594952912
-22.778019636282274
-7.032512530464329
-4.947664152375035
-2.8249357260336057
0.0
-0.9405488751977719
-1.908798792423004
-3.0936235702839463
-4.389288891831452
-5.768813136740988
-7.032011764728137
-8.338366871211194
-9.728129555658478
-10.889596008149972
-5.8633171156621895
-6.4575727654473445
-6.657755528224039
-7.226962231838878
-7.531583887477503
-7.819932925275751
-8.081053876918142
-8.424935420708158
-6.892851274886426
-6.30443324856201
-6.188330326457386
-5.2313837109424
-5.861940875216142
-6.902616112820807
-7.786245460104515
-8.669874807388222
-9.577002056677756
-10.424759245851458
-11.210893168559034
-12.202088292600797
-13.183071599344927
-14.006468751644903
-14.741431790535145
-15.216465556992029
-15.951428595882273
-14.479489332003647
-12.932471144112842
-13.2589785778125
-13.7476753431758
-14.363201671272654
-15.218931562076135
-6.543461033034674
-6.055190896256146
-5.8454867964296975
-4.936903891597101
-4.344315258641954
-4.69697649019527
0.0
0.0
0.0
0.0
0.0
0.0
0.0
0.0
0.0
0.0
0.0
0.0
0.0
0.0
0.0
0.0
0.0
0.0
0.0
0.0
0.0
0.0
0.0
0.0
0.0
0.0
0.0
0.0
0.0
0.0
0.0
0.0
0.0
0.0
0.0
0.0
0.0
0.0
0.0
0.0
0.0
0.0
0.0
0.0
0.0
0.0
0.0
0.0
0.0
0.0
0.0
0.0
0.0
0.0
0.0
0.0
0.0
0.0
0.0
0.0
0.0
0.0
0.0
0.0
0.0
0.0
0.0
0.0
0.0
0.0
0.0
0.0
0.0
0.0
0.0
0.0
0.0
0.0
0.0
0.0
0.0
0.0
0.0
0.0
0.0
0.0
0.0
0.0
0.0
0.0
0.0
0.0
0.0
0.0
0.0
0.0
0.0
0.0
0.0
0.0
0.0
0.0
0.0
0.0
0.0
0.0
0.0
0.0
0.0
0.0
0.0
0.0
0.0
0.0
0.0
0.0
0.0
0.0
0.0
0.0
0.0
0.0
0.0
0.0
0.0
0.0
0.0
0.0
0.0
0.0
0.0
0.0
0.0
0.0
0.0
0.0
0.0
0.0
0.0
0.0
0.0
0.0
0.0
0.0
0.0
0.0
0.0
0.0
0.0
0.0
0.0
0.0
0.0
0.0
0.0
0.0
0.0
0.0
0.0
0.0
0.0
0.0
0.0
0.0
0.0
0.0
0.0
0.0
0.0
0.0
0.0
0.0
0.0
0.0
0.0
0.0
0.0
0.0
0.0
0.0
0.0
0.0
0.0
0.0
0.0
0.0
0.0
0.0
0.0
0.0
0.0
0.0
0.0
0.0
0.0
0.0
0.0
0.0
0.0
0.0
0.0
0.0
0.0
0.0
0.0
0.0
0.0
0.0
0.0
0.0
0.0
0.0
0.0
0.0
0.0
0.0
0.0
0.0
0.0
0.0
0.0
0.0
0.0
0.0
0.0
0.0
0.0
0.0
0.0
0.0
0.0
0.0
0.0
0.0
0.0
0.0
0.0
0.0
0.0
0.0
0.0
0.0
0.0
0.0
0.0
0.0
0.0
-0.37129840639168266
0.0
0.0
-0.5003442867245924
0.0
-0.42846736760276993
0.0
0.0
-0.4747485461038392
-1.160867522492489
0.0
0.0
0.0
-0.9025997126775762
-1.7645683754979633
0.0
0.0
-1.226921902972783
-2.651511384336508
-4.124788622802837
-5.672832448882543
-7.290068345448133
-9.026673041032819
-10.755653164161055
-12.080874947281611
-13.688938155893057
-15.07373497288221
-16.638327546530824
-18.276461564340437
-16.315863150348648
-17.897238317906744
-19.323477686643717
-20.84815866761179
-22.406468691917716
-24.350354770040482
-25.520702403779847
-27.796524636014848
-30.11101576069409
-32.6392681922168
-35.27388163492681
-37.62657254679038
-39.64643798527603
-32.64667605292219
-34.731782930103066
-36.91878339221105
-39.03483362388849
-37.316835057335126
-39.47363709244981
-39.55928104213794
-37.02700848865666
-21.88204681202135
-11.462437025734129
-12.559115768676337
-7.435988393281944
-7.320453940471758
-8.751379230833882
-10.162476087379822
-11.655874449077364
-13.457152928190911
-12.893193318760016
-7.669677650643182
-8.796141355968004
-9.854963789923634
-10.801896224808754
-11.991798533225555
-13.415011863759698
-13.451694796304839
-14.643191893632832
-16.022679967036794
-12.824449999410938
-7.183281536706593
-7.811558156179837
-3.4907148970861988
0.0
-0.639816805024914
-1.5552508699311691
-2.687387818054532
-3.8429534167187307
0.0
-0.08038811640761534
-0.1357580055115768
0.0
0.0
-1.3540277033021315
0.0
0.0
0.0
0.0
0.0
0.0
0.0
0.0
0.0
-0.3175515047681659
-0.8926717069651038
-1.1851673553738358
0.0
-0.35694736633405505
-0.7298765641731171
0.0
-0.8460031309178551
-1.8154292702605423
-2.7411793320614217
-3.636446244867215
-1.4662202546112857
0.0
0.0
0.0
0.0
0.0
0.0
0.0
0.0
0.0
0.0
0.0
0.0
0.0
0.0
0.0
0.0
0.0
0.0
0.0
0.0
0.0
0.0
0.0
0.0
0.0
0.0
0.0
0.0
0.0
0.0
0.0
0.0
0.0
0.0
0.0
0.0
0.0
0.0
0.0
0.0
0.0
0.0
0.0
0.0
0.0
0.0
0.0
0.0
0.0
0.0
0.0
0.0
0.0
0.0
0.0
0.0
0.0
0.0
0.0
0.0
0.0
0.0
0.0
0.0
0.0
0.0
0.0
0.0
0.0
0.0
0.0
0.0
0.0
0.0
0.0
0.0
0.0
0.0
0.0
0.0
0.0
0.0
0.0
0.0
0.0
0.0
0.0
0.0
0.0
0.0
0.0
0.0
0.0
0.0
0.0
0.0
0.0
0.0
0.0
0.0
0.0
0.0
0.0
0.0
0.0
0.0
0.0
0.0
0.0
0.0
0.0
0.0
0.0
0.0
0.0
0.0
0.0
0.0
0.0
0.0
0.0
0.0
0.0
0.0
0.0
0.0
0.0
0.0
0.0
0.0
0.0
0.0
0.0
0.0
0.0
0.0
0.0
0.0
0.0
0.0
0.0
0.0
0.0
0.0
0.0
0.0
0.0
0.0
0.0
0.0
0.0
0.0
0.0
0.0
0.0
0.0
0.0
0.0
0.0
0.0
0.0
0.0
0.0
0.0
0.0
0.0
0.0
0.0
0.0
0.0
0.0
0.0
0.0
0.0
0.0
0.0
0.0
0.0
0.0
0.0
0.0
0.0
0.0
0.0
0.0
0.0
0.0
0.0
0.0
0.0
0.0
0.0
0.0
0.0
0.0
0.0
0.0
0.0
0.0
0.0
0.0
0.0
0.0
0.0
0.0
0.0
0.0
0.0
0.0
0.0
0.0
0.0
0.0
0.0
0.0
0.0
0.0
0.0
0.0
0.0
0.0
0.0
0.0
0.0
0.0
0.0
0.0
0.0
0.0
0.0
0.0
0.0
0.0
0.0
0.0
-0.2615738699902731
-0.3716709191091168
0.0
0.0
0.0
0.0
0.0
0.0
0.0
0.0
0.0
0.0
0.0
0.0
0.0
0.0
0.0
0.0
0.0
0.0
-0.170334271546412
0.0
0.0
0.0
0.0
0.0
-0.13131552628103715
0.0
0.0
0.0
0.0
0.0
0.0
0.0
0.0
-0.7250420219466153
-1.6244525623921953
-2.2649428223595325
-1.995447719372146
0.0
0.0
0.0
-0.6575575571737342
-0.9301481822507738
-1.0743082530115713
-1.4715233117217865
-1.8687383704320017
-2.0128984411927995
-2.0988685543191274
-2.126011775380237
-2.10863439842527
-2.33881536592241
-2.49741976699082
-2.329313052317037
0.0
-1.4248316930916476
-2.221583452392606
-3.813897326757443
-5.088340968021367
-6.499560286926644
-7.874546986394639
-8.321611701876956
-9.685762193430543
-10.665945629498232
-10.682466287518597
-12.077869702773715
-13.520399787481235
-14.992202672274345
-9.51131222532546
-10.848412340763401
-9.669138907772897
-11.103579576805139
-12.543449189528621
-14.01525207432173
-15.506041363970702
-11.178723631803575
-12.6706370046756
-14.339586742558502
-16.264396476275998
-17.27283860605767
-19.281160392223125
-21.546184280871277
-23.69530670979151
-25.703628495956963
-26.145822232708348
-27.973676995416117
-29.98199878158157
-32.04134923059478
-34.16083296640637
-36.013456522214256
-37.69791430490131
-39.576123481103366
-41.167253348024865
-42.51705791697161
-42.89944764236374
-34.95475889790774
-32.27839098579692
-32.59981966034128
-30.758002940683987
-13.00678373543552
-13.154929594316405
-13.60292480238763
-14.260179865032367
-10.435689909196975
-6.695040347041307
-7.075915097849174
-7.64636281230176
-6.150868360258347
-7.034820424961666
-7.819339758965084
-6.5398680862742555
-7.456847359033194
-8.42265335150659
-9.690387895077656
-11.071965072327718
-12.443010073526189
-13.86612457015493
-15.237169571353402
-16.532745891990977
-17.62950532128069
-18.63071126390275
-19.528129477302024
-10.152822221340216
0.0
-0.7666478667214146
-1.5773508177450983
0.0
0.0
0.0
0.0
-0.2875678194086707
-0.7302903391450766
-1.3197854960464017
-1.7622459826054668
-2.336457160743319
-2.9993687728931824
-3.6188008269158325
-4.252906912226417
-4.8723389662490675
-5.4465501443869195
-6.072147914998605
-6.695386317624806
-7.222333762768531
-7.0020218089817465
-6.987120636845052
-6.987120636845052
-6.987120636845052
-6.987120636845052
-6.978661058746815
-4.785975798627678
-4.838738182962681
-4.828454740951349
-4.828454740951349
-4.718708576088144
-4.718708576088144
-4.718708576088144
-4.718708576088144
-4.641762733415849
-4.600027277496191
-4.561981629152435
-3.787472548433115
-3.097989178420631
-3.026245949943308
0.0
0.0
0.0
0.0
0.0
0.0
0.0
0.0
0.0
0.0
0.0
0.0
0.0
0.0
0.0
0.0
0.0
0.0
0.0
0.0
0.0
0.0
0.0
0.0
0.0
0.0
0.0
0.0
0.0
0.0
0.0
0.0
0.0
0.0
0.0
0.0
0.0
0.0
0.0
0.0
0.0
0.0
0.0
0.0
0.0
0.0
0.0
0.0
0.0
0.0
0.0
0.0
0.0
0.0
0.0
0.0
0.0
0.0
0.0
0.0
0.0
0.0
0.0
0.0
0.0
0.0
0.0
0.0
0.0
0.0
0.0
0.0
0.0
0.0
0.0
0.0
0.0
0.0
0.0
0.0
0.0
0.0
0.0
0.0
0.0
0.0
0.0
0.0
0.0
0.0
0.0
0.0
0.0
0.0
0.0
0.0
0.0
0.0
0.0
0.0
0.0
0.0
0.0
0.0
0.0
0.0
0.0
0.0
0.0
0.0
0.0
0.0
0.0
0.0
0.0
0.0
0.0
0.0
0.0
0.0
0.0
0.0
0.0
0.0
0.0
0.0
0.0
0.0
0.0
0.0
0.0
0.0
0.0
0.0
0.0
0.0
0.0
0.0
0.0
0.0
0.0
0.0
0.0
0.0
0.0
0.0
0.0
0.0
0.0
0.0
0.0
0.0
-0.0417043686663915
0.0
0.0
0.0
-0.06593731665944358
-0.36641063894392273
-0.36641063894392273
-0.11545260671886387
-0.11545260671886387
-0.11545260671886387
-0.07537411612446973
0.0
0.0
0.0
0.0
0.0
0.0
0.0
0.0
0.0
0.0
0.0
0.0
0.0
0.0
0.0
0.0
0.0
0.0
0.0
0.0
0.0
0.0
0.0
0.0
0.0
0.0
0.0
-0.8791850606634319
-1.7524015695863642
-1.5576038840489324
-2.2431664658249435
0.0
0.0
0.0
0.0
-0.7085784749298927
0.0
0.0
0.0
-0.024841116959209486
0.0
0.0
-0.39733368041394723
-1.171935476023088
-1.8883575057924022
0.0
0.0
0.0
-1.1856133179715687
-2.6178471652106974
-3.249819441915569
-4.407900389700901
-5.9916365350111
-5.48530272990414
-5.337538631909139
0.0
0.0
0.0
0.0
0.0
0.0
-0.20069988323540244
-2.2127353242879586
-4.327707081842316
-6.619600680847714
-8.841801855602597
-10.966498349568326
-13.260856718227542
-15.588186488306599
-17.838104873812068
-20.13246324247128
-19.649141536783564
-22.0307687897818
-24.212952864752324
-24.777967448094998
-20.940116076008778
-19.03823131371687
-20.832096452110253
-17.30731043052944
-19.2285963171745
-12.460391676431515
-3.8216022937678424
-5.516517540545441
-7.11780656276128
-1.865453226368059
-3.8840854699835967
-5.7805434799111755
-7.928352728750356
-9.62956902320927
-11.765841827833437
-13.153255921849212
-15.312562222524424
-16.812037554002632
-17.545026928427955
-19.658106761169115
-21.817413061844327
-24.056133581397926
-25.247034186779278
-26.285608649001446
-28.43806029669217
-30.031724659834907
-28.496523537183904
-25.081763389565957
-24.93042693090832
-16.27744899962525
-8.41025929197484
-7.211515267467997
-5.902066054478513
-6.109468618572635
-6.075113836037478
-2.1372024186627794
0.0
0.0
-0.7196326498258918
0.0
-0.31641387059724657
0.0
0.0
0.0
0.0
0.0
-0.5057366116631975
0.0
-0.6111286872134822
-1.397987950745744
0.0
0.0
-0.23835874541843632
-0.9006298127725276
-1.791937039095815
-2.497758117162187
-3.01696784838953
-4.081822311669528
-5.162719415160094
-4.370581770636426
-5.4620538129897485
-6.872475890962918
-8.211473974004635
-9.496865242327091
-6.952080084450598
-7.066749735011631
-4.337021726821944
-4.822119808044162
-5.947460621050285
-7.210931896567297
-8.570947674058056
-9.823344162280957
-11.06490952062538
-12.435350620346574
-7.065432060009069
-2.65145394978442
-2.945477669663869
-3.1629695937528357
-3.869940434549606
0.0
-0.10622339910972733
-1.1697639760276402
-2.031014646099199
-3.000478304416603
-4.152465861055639
-5.045089348282257
-5.88950657610214
-4.738210300501544
0.0
-0.4712337799084628
-1.227058920117235
-1.7877792222490032
-2.6498329136214105
-3.513592262702814
-4.175959088137257
-4.932268341144117
-5.184607161352044
-5.682630762045465
-6.113443064175433
-6.544255366305402
-7.134955318754376
-7.695675620886145
-8.41252693888976
-8.803673412618041
-9.416806473458811
-8.60409806345549
-8.60409806345549
-8.60409806345549
-8.771090498640902
-4.178814966940693
-1.8583923499524122
-1.8583923499524122
-1.8583923499524122
-1.8583923499524122
-1.8583923499524122
-1.8583923499524122
-1.8583923499524122
-1.8583923499524122
-1.8583923499524122
-1.8583923499524122
-1.8583923499524122
-1.8583923499524122
-1.8583923499524122
-1.7067086683793127
-1.7067086683793127
-1.3716354095591297
-1.3716354095591297
-1.3716354095591297
-1.3716354095591297
-1.3716354095591297
-1.3716354095591297
-1.3716354095591297
-1.3716354095591297
-1.3716354095591297
-1.3716354095591297
-1.3716354095591297
-1.3716354095591297
-1.3469568424768854
-1.2641050505452502
-1.2641050505452502
-1.2641050505452502
-1.2641050505452502
-1.2610185425740377
-1.2525709013526884
-1.2525709013526884
-1.2525709013526884
-1.2008433634771207
-1.2008433634771207
-1.2008433634771207
-1.2008433634771207
-1.2008433634771207
-1.2008433634771207
-1.2008433634771207
-1.2008433634771207
-1.2008433634771207
-1.2008433634771207
-1.2008433634771207
-1.2008433634771207
-1.2008433634771207
-1.2008433634771207
-1.2008433634771207
-1.2008433634771207
-1.2008433634771207
-1.2008433634771207
-1.2008433634771207
-1.2008433634771207
-1.2008433634771207
-1.2008433634771207
0.0
0.0
0.0
0.0
0.0
0.0
0.0
0.0
0.0
0.0
0.0
0.0
0.0
0.0
0.0
0.0
0.0
0.0
0.0
0.0
0.0
0.0
0.0
0.0
0.0
0.0
0.0
0.0
0.0
0.0
0.0
0.0
0.0
0.0
0.0
0.0
0.0
0.0
0.0
0.0
0.0
0.0
0.0
0.0
0.0
0.0
0.0
0.0
0.0
0.0
0.0
0.0
0.0
0.0
0.0
0.0
0.0
0.0
0.0
0.0
0.0
0.0
0.0
0.0
0.0
0.0
0.0
0.0
0.0
0.0
0.0
0.0
0.0
0.0
0.0
0.0
0.0
0.0
0.0
0.0
0.0
0.0
0.0
0.0
0.0
0.0
0.0
0.0
0.0
0.0
0.0
0.0
0.0
0.0
0.0
0.0
0.0
0.0
0.0
0.0
0.0
0.0
0.0
0.0
0.0
0.0
0.0
0.0
0.0
0.0
0.0
0.0
0.0
0.0
0.0
0.0
0.0
0.0
0.0
0.0
0.0
0.0
0.0
0.0
0.0
0.0
0.0
0.0
0.0
0.0
0.0
0.0
0.0
0.0
0.0
0.0
0.0
0.0
0.0
0.0
0.0
0.0
0.0
0.0
0.0
0.0
0.0
0.0
0.0
0.0
0.0
0.0
0.0
0.0
0.0
0.0
0.0
0.0
0.0
0.0
0.0
0.0
0.0
0.0
0.0
0.0
0.0
0.0
0.0
0.0
0.0
0.0
0.0
0.0
0.0
0.0
0.0
0.0
0.0
0.0
0.0
0.0
0.0
0.0
0.0
0.0
0.0
0.0
0.0
0.0
0.0
0.0
0.0
0.0
0.0
0.0
0.0
0.0
0.0
0.0
0.0
0.0
0.0
0.0
0.0
0.0
0.0
0.0
0.0
0.0
0.0
0.0
0.0
0.0
0.0
0.0
0.0
0.0
0.0
0.0
0.0
0.0
0.0
0.0
0.0
0.0
0.0
0.0
0.0
0.0
0.0
0.0
0.0
0.0
0.0
0.0
0.0
0.0
0.0
0.0
0.0
0.0
0.0
0.0
0.0
0.0
0.0
0.0
0.0
0.0
0.0
0.0
0.0
0.0
0.0
0.0
0.0
0.0
0.0
0.0
0.0
0.0
0.0
0.0
0.0
0.0
0.0
0.0
0.0
0.0
0.0
0.0
0.0
0.0
0.0
0.0
0.0
0.0
0.0
0.0
0.0
0.0
0.0
0.0
0.0
0.0
0.0
0.0
0.0
0.0
0.0
0.0
0.0
0.0
0.0
0.0
0.0
0.0
0.0
0.0
0.0
0.0
0.0
0.0
0.0
0.0
0.0
0.0
0.0
0.0
0.0
0.0
0.0
0.0
0.0
0.0
0.0
0.0
0.0
0.0
0.0
0.0
0.0
0.0
0.0
0.0
0.0
0.0
0.0
0.0
0.0
0.0
0.0
0.0
0.0
0.0
0.0
0.0
0.0
0.0
0.0
0.0
0.0
0.0
0.0
0.0
0.0
0.0
0.0
0.0
0.0
0.0
0.0
0.0
0.0
0.0
0.0
0.0
0.0
0.0
0.0
0.0
0.0
0.0
0.0
0.0
0.0
0.0
0.0
0.0
0.0
0.0
