year,srdef_max
1981.0,-11.819809543806466
1982.0,-14.230135218368517
1983.0,-9.51454823039798
1984.0,-9.26111287642537
1985.0,-10.170335961529933
1986.0,-10.678047000536578
1987.0,-17.39674455846806
1988.0,-12.06569460537532
1989.0,-19.7641662417486
1990.0,-23.984536993644525
1991.0,-14.325343302997105
1992.0,-21.908029952481915
1993.0,-9.115477841794178
1994.0,-21.984948635014547
1995.0,-10.694849238979488
1996.0,-12.265268024402838
1997.0,-20.55657066201498
1998.0,-11.268838978560913
1999.0,-22.039434279056028
2000.0,-11.008739063946193
2001.0,-21.463091119438683
2002.0,-10.168737009546128
2003.0,-9.716300008053997
2004.0,-11.671376749369344
2005.0,-15.614579995907881
2006.0,-34.6600120812069
2007.0,-31.13944392577089
2008.0,-29.348852788582924
2009.0,-20.994291154166895
