year,srdef_max
1981.0,-15.278598598884729
1982.0,-17.69828100314265
1983.0,-6.11236570094241
1984.0,-10.644625583984144
1985.0,-5.452714695519076
1986.0,-9.385436360309368
1987.0,-12.834033542326464
1988.0,-16.137135788175666
1989.0,-23.348837496389883
1990.0,-33.05950479271539
1991.0,-21.093379865686916
1992.0,-35.65615557182111
1993.0,-12.950129862708573
1994.0,-19.10074228827392
1995.0,-13.808581116916681
1996.0,-16.839915900603163
1997.0,-28.42923413767787
1998.0,-6.069655425715005
1999.0,-20.54429807511419
2000.0,-18.976657001272326
2001.0,-36.63329298322479
2002.0,-14.282591392921987
2003.0,-13.081296067204006
2004.0,-17.047076838068257
2005.0,-16.647475861822347
2006.0,-44.17411236435806
2007.0,-39.64643798527603
2008.0,-42.89944764236374
2009.0,-30.031724659834907
