year,srdef_max
2071.0,-25.15055335183021
2072.0,-28.50379483690863
2073.0,-18.905793568364015
2074.0,-15.357474721986264
2075.0,-18.253657127697025
2076.0,-41.47516386605492
2077.0,-28.015603783876085
2078.0,-15.113612758727008
2079.0,-8.0553792982212
2080.0,-14.958664359444857
2081.0,-24.14443616594891
2082.0,-23.072567737684945
2083.0,-18.195347635129036
2084.0,-24.449415888589627
2085.0,-18.658537591813687
2086.0,-23.04196314923866
2087.0,-30.81733774038862
2088.0,-16.280162197677313
2089.0,-15.067037623593002
2090.0,-21.112003994548154
2091.0,-9.960525891587364
2092.0,-28.420678920547118
2093.0,-32.67997900559195
2094.0,-50.02692217478059
2095.0,-36.80517133223489
2096.0,-20.44956735737691
2097.0,-39.78439336287049
2098.0,-21.18694981627793
2099.0,-10.848183419324585
