year,srdef_max
2071.0,-16.67043068832637
2072.0,-18.335873691990585
2073.0,-13.186414073951056
2074.0,-12.444863112118691
2075.0,-13.937716039393813
2076.0,-30.51294616925724
2077.0,-17.55151920125592
2078.0,-10.850437595294036
2079.0,-8.63646653972618
2080.0,-10.540218760970424
2081.0,-17.167404729007416
2082.0,-17.173839942566946
2083.0,-12.828448086392855
2084.0,-18.62993723020608
2085.0,-13.546735805516974
2086.0,-15.757401705367018
2087.0,-27.029466404720345
2088.0,-13.16726905410298
2089.0,-10.914226078100473
2090.0,-14.507378936248822
2091.0,-9.779317495951467
2092.0,-16.43110137331886
2093.0,-23.823051896997054
2094.0,-36.93210953280789
2095.0,-27.424465805887813
2096.0,-12.33687607436823
2097.0,-30.515802100074218
2098.0,-13.340278514468555
2099.0,-11.292776837368264
