0.0
0.0
0.0
0.0
0.0
0.0
0.0
0.0
0.0
0.0
0.0
0.0
0.0
0.0
0.0
0.0
0.0
0.0
0.0
0.0
0.0
0.0
0.0
0.0
0.0
0.0
0.0
0.0
0.0
0.0
0.0
0.0
0.0
0.0
0.0
0.0
0.0
0.0
0.0
0.0
0.0
0.0
0.0
0.0
0.0
0.0
0.0
0.0
0.0
0.0
0.0
0.0
0.0
0.0
0.0
0.0
0.0
0.0
0.0
0.0
0.0
0.0
0.0
0.0
0.0
0.0
0.0
0.0
0.0
0.0
0.0
0.0
0.0
0.0
0.0
0.0
0.0
0.0
0.0
0.0
0.0
0.0
0.0
0.0
0.0
0.0
0.0
0.0
0.0
0.0
0.0
0.0
0.0
0.0
0.0
0.0
0.0
0.0
0.0
0.0
0.0
0.0
0.0
0.0
0.0
0.0
0.0
0.0
0.0
0.0
0.0
0.0
0.0
0.0
0.0
0.0
0.0
0.0
0.0
0.0
0.0
0.0
0.0
0.0
0.0
0.0
0.0
0.0
0.0
0.0
0.0
0.0
0.0
0.0
0.0
0.0
0.0
0.0
0.0
0.0
0.0
0.0
0.0
0.0
0.0
0.0
0.0
0.0
0.0
0.0
0.0
0.0
0.0
0.0
0.0
0.0
0.0
0.0
0.0
0.0
0.0
0.0
0.0
0.0
0.0
0.0
0.0
0.0
0.0
0.0
0.0
0.0
0.0
0.0
0.0
0.0
0.0
0.0
0.0
0.0
0.0
0.0
0.0
0.0
0.0
-0.6238050923817049
-1.2476101847634098
-1.4288969104712705
-1.3008707612274326
-0.7369433676586992
0.0
0.0
0.0
0.0
0.0
0.0
0.0
-0.8613076203717702
-1.8444254577080479
-2.6204541792248524
-0.855592546786035
-1.3120154996539508
-1.7602307085176068
-2.193847250339205
-3.2557424514694158
-3.6838164560670266
-3.5852913770000834
-4.922102503646894
-4.76657661218666
-6.108462620864137
-7.49030664146524
-8.999889973600528
-10.593031934834446
-5.000315217879562
-6.322708423771036
-7.662408036082167
-9.347263249585959
0.0
0.0
-0.5352583289416528
-1.6215102332628415
-1.0087121061092628
-0.582790214897306
-2.0079022428345357
-3.063866465445157
0.0
0.0
-1.2701443377001977
-2.022401569516849
-3.1133229964465707
-4.341070713581558
-5.660254655454551
-6.890852718547192
-8.276043189786527
-9.843069094482098
-11.420839605540328
-10.224821883630492
-8.804887472524115
-10.272151169705701
-11.828392655064121
-13.151302847660482
-14.853512543278974
-16.28610899652825
-17.798439363750685
-19.227820516854543
-20.648173288787877
-12.755402419325483
-8.703415488659068
0.0
0.0
0.0
0.0
0.0
0.0
0.0
0.0
-0.4895871451889521
-1.083802992602524
0.0
0.0
-0.4842728450240441
-0.5824091216927794
-0.9705325124844203
-1.7253732989272286
0.0
-0.08035511427401804
0.0
0.0
0.0
0.0
0.0
0.0
0.0
0.0
0.0
0.0
0.0
0.0
0.0
0.0
0.0
0.0
-0.011184542542835435
0.0
0.0
0.0
0.0
0.0
0.0
-0.17848302722735315
-0.17848302722735315
-0.18020200614612375
-0.3257985582593883
0.0
0.0
-0.006341860988416825
-0.1444855510797794
-0.1444855510797794
-0.1444855510797794
0.0
0.0
-0.04089963144780698
-0.04089963144780698
-0.04089963144780698
-0.1257001825996928
-0.20741417818322233
-0.20741417818322233
-0.20741417818322233
-0.20741417818322233
-0.20741417818322233
-0.20571990997738593
-0.2395934551830139
-0.2395934551830139
-0.29017022875194265
-0.29017022875194265
-0.29017022875194265
-0.29017022875194265
-0.29017022875194265
-0.29017022875194265
-0.29017022875194265
-0.29017022875194265
-0.29017022875194265
-0.29017022875194265
-0.29017022875194265
-0.29017022875194265
-0.29017022875194265
-0.29017022875194265
0.0
0.0
0.0
0.0
0.0
0.0
0.0
0.0
0.0
0.0
0.0
0.0
0.0
0.0
0.0
0.0
0.0
0.0
0.0
0.0
0.0
0.0
0.0
0.0
0.0
0.0
0.0
0.0
0.0
0.0
0.0
0.0
0.0
0.0
0.0
0.0
0.0
0.0
0.0
0.0
0.0
0.0
0.0
0.0
0.0
0.0
0.0
0.0
0.0
0.0
0.0
0.0
0.0
0.0
0.0
0.0
0.0
0.0
0.0
0.0
0.0
0.0
0.0
0.0
0.0
0.0
0.0
0.0
0.0
0.0
0.0
0.0
0.0
0.0
0.0
0.0
0.0
0.0
0.0
0.0
0.0
0.0
0.0
0.0
0.0
0.0
0.0
0.0
0.0
0.0
0.0
0.0
0.0
0.0
0.0
0.0
0.0
0.0
0.0
0.0
0.0
0.0
0.0
0.0
0.0
0.0
0.0
0.0
0.0
0.0
0.0
0.0
0.0
0.0
0.0
0.0
0.0
0.0
0.0
0.0
0.0
0.0
0.0
0.0
0.0
0.0
0.0
0.0
0.0
0.0
0.0
0.0
0.0
0.0
0.0
0.0
0.0
0.0
0.0
0.0
0.0
0.0
0.0
0.0
0.0
0.0
0.0
0.0
0.0
0.0
0.0
0.0
0.0
0.0
0.0
0.0
0.0
0.0
0.0
0.0
0.0
0.0
0.0
0.0
0.0
0.0
0.0
0.0
0.0
0.0
0.0
0.0
0.0
0.0
0.0
0.0
0.0
0.0
0.0
0.0
0.0
0.0
0.0
0.0
0.0
0.0
0.0
0.0
0.0
0.0
0.0
0.0
0.0
0.0
0.0
0.0
0.0
0.0
0.0
0.0
-0.10026176777312185
0.0
0.0
0.0
0.0
0.0
-0.2822022153407723
-0.5633210931833375
0.0
0.0
0.0
0.0
-0.2105564801287384
-0.22198148809951979
-0.382338257299936
0.0
0.0
-0.19203084809609605
0.0
0.0
0.0
0.0
0.0
0.0
0.0
0.0
0.0
0.0
-0.12607825689712215
-0.2679571800241596
-0.9100274025485228
-1.1658309798819517
-1.2987046151521378
-1.029794222049807
0.0
0.0
-0.3754065351170528
-0.30238419839966424
-0.6598824019137466
0.0
-1.232255711044882
-2.4029047014529
-3.7084492489620833
-0.13932589815373353
-1.5713189574052628
-2.9994301954167883
-1.0086532165470765
-1.842196274593592
-3.2391598249515123
0.0
-0.7946975702111292
0.0
-1.1083285568451646
0.0
-0.7593871428730874
0.0
0.0
-0.6526006939082653
-1.7883828574016118
-3.078342823794393
-4.379415895212043
-5.895710267868874
-7.497071662392463
-9.177502530774571
-10.833369658232936
-12.51724319287527
-4.602195499875861
0.0
-1.4307385623848055
-1.4044900062421792
-3.1488130924220394
-4.64880792979981
0.0
-1.5890883091993657
-0.5669340839580885
0.0
0.0
-0.8536179517043019
-1.727727719602456
-2.7612645293999645
-3.778492057454949
-4.8793759677415975
-3.2732827049805877
-3.9991115180047903
0.0
-1.0263846551066984
-1.167580959735386
-2.466690249902529
-3.4448821896633475
-4.459347274389341
-5.350290019498823
-5.811945937516725
-6.777867565397498
-7.907044960896864
-8.822919685222235
-9.776477194974007
-4.464669509758987
-5.015990916407692
-6.193521777343421
-7.352029167989727
-8.640280151321083
-8.87499936738065
-10.049753107591044
-11.329099072416016
-12.535315668984978
-13.750874719829959
-14.659227793939651
-15.788405189439018
-16.67863587247773
-17.837143263124037
-18.995650653770344
-19.89875771960749
-20.75347220845821
-21.56566192790401
-22.45145707760021
-23.380714452501074
-24.256222720396032
-25.02451365033443
-25.74735299309494
-20.172807283525856
-19.747965337838465
-19.871831672544904
-20.19451540111623
-20.1683499286827
-20.64630525732986
-20.542225702137486
-20.545834196329984
-20.545834196329984
-20.545834196329984
-20.545834196329984
-20.545834196329984
-20.545834196329984
-20.545834196329984
-20.545834196329984
-20.545834196329984
-20.545834196329984
-20.545834196329984
-20.545834196329984
-20.545834196329984
-20.545834196329984
-20.545834196329984
-20.42822589513879
-19.06397663904418
-18.45229123322974
-18.451844703462353
-18.451844703462353
-18.451844703462353
-18.451844703462353
-18.236431186395247
-18.236431186395247
-18.236431186395247
-17.736600476057053
-16.162207964662166
-16.16080380843007
-16.16080380843007
-16.16080380843007
-16.16080380843007
-16.16080380843007
-16.16080380843007
-16.16080380843007
-16.16080380843007
-16.16080380843007
-16.16080380843007
-16.16080380843007
-16.16080380843007
-16.16080380843007
-16.16080380843007
-16.16080380843007
-16.16080380843007
-16.16080380843007
-16.16080380843007
-16.16080380843007
-16.16080380843007
-16.16080380843007
-16.16080380843007
-16.16080380843007
-16.16080380843007
-16.16080380843007
-16.16080380843007
-16.16080380843007
-16.015975979207628
-16.015975979207628
-16.015975979207628
-16.015975979207628
-16.015975979207628
-16.015975979207628
-16.015975979207628
-16.015975979207628
-15.997213518091913
-15.637391419674255
-15.25803339004188
-15.25803339004188
-15.241953725204864
-15.241953725204864
-15.241953725204864
-15.241953725204864
-15.241953725204864
-15.241953725204864
-15.241953725204864
-15.241953725204864
-15.241953725204864
-15.241953725204864
-15.241953725204864
-15.241953725204864
-15.241953725204864
-15.241953725204864
-15.241953725204864
-15.241953725204864
-15.241953725204864
-15.241953725204864
-15.241953725204864
-15.241953725204864
-15.241953725204864
-15.241953725204864
-15.241953725204864
-15.241953725204864
-15.241953725204864
-15.189701300327972
-15.189701300327972
-15.189701300327972
-15.189701300327972
-15.189701300327972
-15.073630839294767
-15.073630839294767
-15.073630839294767
-15.073630839294767
-15.073630839294767
-15.073630839294767
-15.073630839294767
-15.073630839294767
-15.073630839294767
-15.073630839294767
-15.073630839294767
-15.073630839294767
-15.073630839294767
-15.073630839294767
-15.073630839294767
-15.073630839294767
-15.073630839294767
-15.073630839294767
-15.073630839294767
-15.073630839294767
-15.073630839294767
-15.073630839294767
-15.073630839294767
-15.073630839294767
-15.073630839294767
-15.073630839294767
-15.073630839294767
-15.073630839294767
-15.073630839294767
-15.073630839294767
-15.073630839294767
-15.073630839294767
-15.073630839294767
-15.073630839294767
-15.073630839294767
-15.073630839294767
-15.073630839294767
-15.073630839294767
-15.073630839294767
-15.073630839294767
-15.073630839294767
-15.073630839294767
-15.060017447395644
-15.060017447395644
-15.060017447395644
-15.060017447395644
-15.060017447395644
-15.060017447395644
-15.060017447395644
-15.048634043200092
-14.94353021781157
-14.912374324025285
-14.877646192099899
-14.877646192099899
-14.866262787904347
-14.866262787904347
-14.83171677037004
-14.83171677037004
-14.83171677037004
-14.83171677037004
-14.83171677037004
-14.83171677037004
-14.83171677037004
-14.83171677037004
-14.83171677037004
-14.83171677037004
-14.83171677037004
-14.83171677037004
-14.818103378470918
-13.47395940602638
-13.47395940602638
-13.45180181668434
-11.905063855656294
-11.857247993088682
-10.600906611100047
-10.231029552256999
-9.928450905780432
-8.874645804342595
-7.671002092550166
-2.638354818735614
-1.833047788387851
-1.7176862801923503
-1.7176862801923503
-1.7176862801923503
-1.7176862801923503
-1.7176862801923503
-1.7176862801923503
-1.508163222037056
-0.8901353048275236
-0.7979162597584345
-0.7831025433580813
-0.7831025433580813
-0.0283789631479886
0.0
0.0
0.0
0.0
0.0
0.0
0.0
0.0
0.0
0.0
0.0
0.0
0.0
0.0
0.0
0.0
0.0
0.0
0.0
0.0
0.0
0.0
0.0
0.0
0.0
0.0
0.0
0.0
0.0
0.0
0.0
0.0
0.0
0.0
0.0
0.0
0.0
0.0
0.0
0.0
0.0
0.0
0.0
0.0
0.0
0.0
0.0
0.0
0.0
0.0
0.0
0.0
0.0
0.0
0.0
0.0
0.0
0.0
0.0
0.0
0.0
0.0
0.0
-0.18654772758538396
-0.41861462230680835
-0.7698237157030203
-1.1356808285001505
-1.530659840278718
-1.576285980676504
-2.1405291538461584
-2.711947836153371
-3.1508274919395243
0.0
-1.3428282698120846
-2.761033778486129
0.0
-1.244778053631444
-2.1128957307550995
-2.6549905769649786
-3.8357276997703984
-4.43350793760332
-5.526990407930095
-6.847691495497697
-8.082195648709634
-9.266354591189051
-10.516118952120749
-11.88527600598935
-4.913339950483604
0.0
-1.1841589424794179
-2.5092472525909013
-3.1460275036992296
-2.876388808903169
0.0
-1.218361797998449
-2.772012085209915
-4.461738725249365
-6.341721008579489
-7.605499012424355
-9.026023426913298
-5.142608574935524
-5.49769218017213
-7.269024226696423
-9.144967488301095
-8.516866591025362
-10.234108542756658
-11.996512530802661
-1.2663134742000608
-2.0492822681528646
-0.7642985576494006
0.0
0.0
0.0
0.0
-1.3495433320347063
-0.1554794135146571
-1.9357057244296185
-2.2985997735164716
0.0
0.0
-1.2824405705789628
-2.432936776851303
-3.7603840840989617
0.0
0.0
0.0
0.0
0.0
0.0
-0.1450623126113088
-0.6104179207518396
-1.3115275058710527
-1.8268490817453449
-2.5213015436415285
-1.018284815468736
-1.7795466819412973
-2.220180166877534
-3.084633604418169
-4.160482448022016
0.0
0.0
-0.47508679413415134
-1.3991705924838986
-2.299839669491403
-3.263328930479247
-4.521899956083012
-5.824938759892813
-7.154108647629711
-6.041850512936742
-5.869521582148408
-4.170616698178733
-4.884497636988075
-5.636879204248004
-6.445047761975966
-7.266806104651046
-8.061247526899804
-8.372388048772029
-9.04351510724652
-9.824086791067135
-10.321369274295181
-11.129537832023143
-11.808502212853854
-12.44545640083875
-13.189240952993893
-13.98776002780522
-14.962944919784233
-15.92491806696191
-16.713222200106948
-17.501526333251984
-18.198995634854104
-18.4238767491739
-18.624878579125188
-19.054045567817642
-19.38135678242194
-19.92727573329276
-19.92727573329276
-19.92727573329276
-19.92727573329276
-19.92727573329276
-19.92727573329276
-19.88854658978218
-19.41773167132292
-19.03789689097571
-18.71768594071502
-17.881673256117544
-17.881673256117544
-17.808376079492735
-17.796262305044085
-17.796262305044085
-17.796262305044085
-17.796262305044085
-17.442256659954587
-17.430806092572762
-17.40243301001116
-17.39217532720418
-17.39217532720418
-17.39217532720418
-17.39217532720418
-17.2821320630257
-17.2821320630257
-17.2821320630257
-17.2821320630257
-17.2821320630257
-17.2821320630257
-17.2821320630257
-17.2821320630257
-17.2821320630257
-17.043453921750096
-17.043453921750096
-17.043453921750096
-17.043453921750096
-17.043453921750096
-17.043453921750096
-17.043453921750096
-17.043453921750096
-17.043453921750096
-17.043453921750096
-17.043453921750096
-17.043453921750096
-17.043453921750096
-17.043453921750096
-17.043453921750096
-17.043453921750096
-17.043453921750096
-17.043453921750096
-17.043453921750096
-17.043453921750096
-17.043453921750096
-17.043453921750096
-17.043453921750096
-17.043453921750096
-17.043453921750096
-17.043453921750096
-17.043453921750096
-17.043453921750096
-17.043453921750096
-17.043453921750096
-17.043453921750096
-17.043453921750096
-17.043453921750096
-17.043453921750096
-17.043453921750096
-17.043453921750096
-17.043453921750096
-17.043453921750096
-17.043453921750096
-17.043453921750096
-17.043453921750096
-17.043453921750096
-17.043453921750096
-17.043453921750096
-17.01229802796381
-16.941626842625418
-16.941626842625418
-16.887727563479906
-16.887727563479906
-16.887727563479906
-16.887727563479906
-16.887727563479906
-16.887727563479906
-16.887727563479906
-16.887727563479906
-16.887727563479906
-16.887727563479906
-16.887727563479906
-16.887727563479906
-16.887727563479906
-16.887727563479906
-16.887727563479906
-16.887727563479906
-16.887727563479906
-16.887727563479906
-16.887727563479906
-16.887727563479906
-16.887727563479906
-16.887727563479906
-16.887727563479906
-16.887727563479906
-16.887727563479906
-16.887727563479906
-16.887727563479906
-16.887727563479906
-16.887727563479906
-16.887727563479906
-16.887727563479906
-16.887727563479906
-16.887727563479906
-16.887727563479906
-16.887727563479906
-16.887727563479906
-16.887727563479906
-16.8598680701815
-16.8598680701815
-16.379822887507295
-16.379822887507295
-16.30424477805845
-16.271302765202613
-16.20548824167627
-15.97785799886276
-15.97785799886276
-15.97785799886276
-15.97785799886276
-15.97785799886276
-15.97785799886276
-15.97785799886276
-15.97785799886276
-15.97785799886276
-15.97785799886276
-15.97785799886276
-15.97785799886276
-15.97785799886276
-15.97785799886276
-15.366698829047392
-15.06795505610539
-11.940826751908801
-11.940826751908801
-11.940826751908801
-11.940826751908801
-11.940826751908801
-11.940826751908801
-11.940826751908801
-11.940826751908801
-11.940826751908801
-11.940826751908801
-11.940826751908801
-11.940826751908801
-11.940826751908801
-11.940826751908801
-11.940826751908801
-11.940826751908801
-11.940826751908801
-11.940826751908801
-11.940826751908801
-11.940826751908801
-11.940826751908801
-11.940826751908801
-11.912967258610394
-11.59158762196362
-11.266954371906232
-10.606682642131338
-8.611219543937473
-8.611219543937473
-8.611219543937473
-8.611219543937473
-8.611219543937473
-8.611219543937473
-8.576662104128253
-7.671801619574213
-7.352463436525004
-6.973105406892629
-6.406217706254163
-5.131083209902959
-2.127951407912052
-1.6604091367951284
-1.5491773193859812
-1.401502945161576
-1.401502945161576
-1.401502945161576
-1.370487735293734
-1.3038537603455724
0.0
0.0
0.0
0.0
0.0
0.0
0.0
0.0
0.0
0.0
0.0
0.0
0.0
0.0
0.0
0.0
0.0
0.0
0.0
0.0
0.0
0.0
0.0
0.0
0.0
0.0
0.0
0.0
0.0
0.0
0.0
0.0
0.0
0.0
0.0
0.0
0.0
0.0
0.0
0.0
0.0
0.0
0.0
0.0
0.0
0.0
0.0
0.0
0.0
0.0
0.0
0.0
0.0
0.0
0.0
0.0
0.0
0.0
0.0
0.0
0.0
-0.20088012421903267
0.0
0.0
0.0
-0.2975063339891927
-0.39998315470195267
-0.04677657039470373
0.0
0.0
0.0
0.0
0.0
0.0
0.0
0.0
0.0
0.0
-0.03498266566223385
-0.10153530661036969
-0.5579842014816876
-1.6040765686705565
0.0
-0.622403668252553
-1.8272445222054685
-3.0566862134156247
-2.2984037005444633
0.0
0.0
0.0
0.0
-1.3313241383415688
0.0
0.0
-1.4134087195675373
0.0
-1.437558628556912
-0.22429080701503779
0.0
0.0
-1.0115297121384417
-1.8143085468215778
-3.0419504014260035
-0.6057614818545738
0.0
-1.5227875359288836
-2.357949905257885
-2.1979758769870354
-2.1852047578525102
-2.7843741187970954
-3.7641637139411994
-3.893145162754323
-3.374732323183315
-4.520456322054349
-4.49519232020493
-6.011839706981382
-7.528673867316774
-7.611390714347318
-8.280680129983201
-6.4990106498422415
-4.886961284307175
-6.203237270209196
-8.070632160813297
-6.37832656334572
-7.934813827569787
-9.568426069426
-11.220896194384446
-12.863957643401129
-9.932354943940645
0.0
0.0
0.0
0.0
-1.0848140419813759
-2.591613083054637
-3.9629477164805564
-5.7163886815499
-2.9625047341978292
-1.8061007497674848
-2.9221705673130423
-1.6428780268062726
0.0
0.0
-0.8261898285572421
-1.8533723080569144
-2.8011370445640864
-3.9761811619491354
-5.131950014346866
-6.452453679021339
-7.962356152342476
-9.578950413794303
-11.242562767983797
-12.60010994475847
-14.18358443791799
-15.73082453880785
-17.19456905362306
-18.620258741929238
-19.937905850340883
-21.214902321311296
-20.549188762462563
-19.290399341482743
-17.565150485169863
-5.800335963918741
-2.854499585034497
-2.854499585034497
-2.854499585034497
-2.854499585034497
-2.854499585034497
-2.854499585034497
-2.854499585034497
-2.854499585034497
-2.1430005363090117
-0.8177322674858007
0.0
0.0
-0.0091255760364335
-0.10484912851314793
0.0
0.0
0.0
0.0
0.0
0.0
0.0
-0.23579926844812668
-0.23579926844812668
-0.23579926844812668
-0.28917822245162206
-0.06018421053929987
0.0
-0.009154318405447243
0.0
-0.06288367310815438
-0.016569522743774864
0.0
0.0
0.0
0.0
0.0
0.0
0.0
0.0
0.0
0.0
0.0
0.0
0.0
0.0
0.0
0.0
0.0
0.0
0.0
0.0
0.0
0.0
0.0
0.0
0.0
0.0
0.0
0.0
0.0
0.0
0.0
0.0
0.0
0.0
0.0
0.0
0.0
0.0
0.0
0.0
0.0
0.0
0.0
0.0
0.0
0.0
0.0
0.0
0.0
0.0
0.0
0.0
0.0
0.0
0.0
0.0
0.0
0.0
0.0
0.0
0.0
0.0
0.0
0.0
0.0
0.0
0.0
0.0
0.0
0.0
0.0
0.0
0.0
0.0
0.0
0.0
0.0
0.0
0.0
0.0
0.0
0.0
0.0
0.0
0.0
0.0
0.0
0.0
0.0
0.0
0.0
0.0
0.0
0.0
0.0
0.0
0.0
0.0
0.0
0.0
0.0
0.0
0.0
0.0
0.0
0.0
0.0
0.0
0.0
0.0
0.0
0.0
0.0
0.0
0.0
0.0
0.0
0.0
0.0
0.0
0.0
0.0
0.0
0.0
0.0
0.0
0.0
0.0
0.0
0.0
0.0
0.0
0.0
0.0
0.0
0.0
0.0
0.0
0.0
0.0
0.0
0.0
0.0
0.0
0.0
0.0
0.0
0.0
0.0
0.0
0.0
0.0
0.0
0.0
0.0
0.0
0.0
0.0
0.0
0.0
0.0
0.0
0.0
0.0
0.0
0.0
0.0
0.0
0.0
0.0
0.0
0.0
0.0
0.0
0.0
0.0
0.0
0.0
0.0
0.0
0.0
0.0
0.0
0.0
0.0
0.0
0.0
0.0
0.0
0.0
0.0
0.0
0.0
0.0
0.0
0.0
0.0
0.0
0.0
0.0
0.0
0.0
0.0
0.0
0.0
0.0
0.0
0.0
0.0
0.0
0.0
0.0
0.0
0.0
0.0
0.0
0.0
-0.08890759912079504
-0.24574114525260615
0.0
0.0
0.0
0.0
0.0
0.0
-0.4802130988471387
0.0
0.0
0.0
0.0
0.0
0.0
0.0
0.0
0.0
-0.6044606440779824
-1.0097891245688766
-1.8769597055155542
-2.636583278844809
-3.1064256213887016
-3.9457705886590406
-1.9854513456430158
-0.08814132872431468
0.0
0.0
0.0
-0.5643946914545244
0.0
0.0
0.0
0.0
-0.12600729898569774
-0.2984103851610356
-0.8116834734625793
0.0
0.0
-1.3185422177687733
0.0
-0.6782507817382986
0.0
0.0
0.0
0.0
-0.06398018022438645
-0.8718710386826455
-2.17670590083438
-3.5640067388558068
-3.364592041283316
-2.4807326130157055
-3.385375947905867
-2.0123116849961002
-3.4125971606350527
-5.109489685811255
-1.5818221972434086
-3.267128927523449
0.0
-1.6521475025056858
-3.582163302561285
-2.6992550200416234
-0.14878655960205656
0.0
-0.25895218233561645
-1.7140204076005323
-2.9724415299620714
-4.50738445568144
-0.5340267362196047
-2.178295132326287
-3.692703310539606
-2.428077690946336
-2.6640684003704274
-4.430648267017388
-4.241673139509619
-2.316656114323873
0.0
-1.687685264366768
-3.2007412197317997
-4.904871338653114
0.0
0.0
0.0
-0.9674220531397466
0.0
0.0
0.0
-0.14056589978205014
-0.4813832737342071
0.0
-0.8583490325741286
-1.4518201266630268
-0.4109780831105114
0.0
-0.3890467181643982
-1.3351529221068839
-2.345331641435397
-2.6620268400698235
-3.4830100925669853
-4.089466829518106
-4.9104500820152674
-5.927818354094405
-6.642467438804702
0.0
0.0
0.0
0.0
0.0
0.0
0.0
0.0
-0.11835030982961936
0.0
-0.01525671451358701
0.0
0.0
0.0
0.0
0.0
0.0
-0.4254493886909919
-1.1130928827758142
-1.6930749445361535
-2.282911195580423
-2.6057095481851777
-2.4779790821175576
0.0
0.0
0.0
0.0
0.0
0.0
0.0
0.0
-0.3599360341123316
-0.9424667918905918
-1.5315059453540645
-2.122582613315613
-2.0359111276750643
-2.4202931694944767
-2.087379518046962
-1.4789768366480114
-0.9929555233858499
-0.9655876487417744
-0.9655876487417744
-1.015502929185242
-1.1576434382659444
-1.1576434382659444
-1.1576434382659444
-1.3693909291256732
-1.662631903145003
-1.662631903145003
-1.662631903145003
-1.662631903145003
-1.662631903145003
-1.662631903145003
-1.662631903145003
-1.662631903145003
-1.662631903145003
-1.662631903145003
-1.662631903145003
-1.662631903145003
-1.662631903145003
-1.662631903145003
-1.662631903145003
-1.6592872119033812
-1.6438690478074394
-1.6438690478074394
-1.6154959652458343
-1.6154959652458343
-1.6154959652458343
-1.6154959652458343
-1.6154959652458343
-1.6154959652458343
-1.6154959652458343
-1.6154959652458343
-1.6154959652458343
-1.6154959652458343
-1.6154959652458343
-1.6154959652458343
-1.6154959652458343
-1.6154959652458343
-1.3028035530927349
-1.3028035530927349
-1.16962647519959
-1.16962647519959
-1.16962647519959
-1.16962647519959
-1.16962647519959
-1.16962647519959
-1.16962647519959
-1.16962647519959
-1.16962647519959
-1.16962647519959
-1.16962647519959
-1.16962647519959
-1.16962647519959
-1.16962647519959
-1.16962647519959
-1.16962647519959
-1.16962647519959
-1.16962647519959
-1.16962647519959
-1.16962647519959
-1.16962647519959
-1.16962647519959
-1.0143971428678715
-0.8997308380667607
-0.8997308380667607
-0.8997308380667607
-0.8997308380667607
-0.8997308380667607
-0.8997308380667607
-0.8997308380667607
-0.8997308380667607
-0.8997308380667607
-0.8997308380667607
-0.8997308380667607
-0.8997308380667607
-0.8997308380667607
-0.8324405948319542
-0.8324405948319542
-0.8324405948319542
-0.8324405948319542
-0.8324405948319542
-0.8324405948319542
-0.8324405948319542
-0.8324405948319542
-0.8324405948319542
-0.8324405948319542
-0.8324405948319542
-0.8324405948319542
-0.8324405948319542
-0.8324405948319542
-0.8324405948319542
-0.8324405948319542
-0.8324405948319542
-0.8324405948319542
-0.8324405948319542
-0.8324405948319542
-0.8324405948319542
-0.8324405948319542
-0.8324405948319542
-0.8324405948319542
-0.8324405948319542
-0.8324405948319542
-0.8324405948319542
-0.8324405948319542
-0.8324405948319542
-0.8324405948319542
-0.8324405948319542
-0.8324405948319542
-0.8324405948319542
-0.8324405948319542
-0.8324405948319542
-0.8324405948319542
-0.8324405948319542
-0.8324405948319542
-0.8324405948319542
-0.8324405948319542
-0.8324405948319542
-0.8324405948319542
-0.8324405948319542
-0.45308256519957923
0.0
0.0
0.0
0.0
0.0
0.0
0.0
0.0
0.0
0.0
0.0
0.0
0.0
0.0
0.0
0.0
0.0
0.0
0.0
0.0
0.0
0.0
0.0
0.0
0.0
0.0
0.0
0.0
0.0
0.0
0.0
0.0
0.0
0.0
0.0
0.0
0.0
0.0
0.0
0.0
0.0
0.0
0.0
0.0
0.0
0.0
0.0
0.0
0.0
0.0
0.0
0.0
0.0
0.0
0.0
0.0
0.0
0.0
0.0
0.0
0.0
0.0
0.0
0.0
0.0
0.0
0.0
0.0
0.0
0.0
0.0
0.0
0.0
0.0
0.0
0.0
0.0
0.0
0.0
0.0
0.0
0.0
0.0
0.0
0.0
0.0
0.0
0.0
0.0
0.0
0.0
0.0
0.0
-0.36574849681923627
0.0
0.0
-0.13603277915333184
0.0
-0.039034593023238306
0.0
0.0
0.0
0.0
0.0
0.0
0.0
0.0
0.0
0.0
0.0
0.0
0.0
0.0
-0.21011148102279864
0.0
0.0
0.0
-0.6355620153469977
0.0
0.0
0.0
0.0
0.0
0.0
-0.22160118468746126
0.0
0.0
0.0
0.0
0.0
0.0
0.0
0.0
0.0
0.0
-0.8845660686150161
-0.13670681342206703
0.0
0.0
0.0
0.0
0.0
-0.2061777689757769
-0.4154399296227569
-0.8168486434280737
-1.4504142756311431
-2.1113041840329743
-2.253799311408777
-2.6381074751609797
-3.3743977127974363
-4.161113966043501
-4.6356203496000985
-5.075592402170076
-3.8334378352915968
-4.543592648880935
0.0
-1.4943850963121235
-2.9576686638206278
-4.4250566371715045
-5.848272484411813
-5.721958698897049
0.0
0.0
-0.26304237508737616
-0.6142440676875675
-1.7301565291209693
-2.2667977555743484
-2.9393363423841334
-2.919788468660342
0.0
-1.2979454156195251
0.0
-1.2850385295033653
-1.0965573103098039
-2.3600767220006036
-3.18465309210031
-4.541462777882588
-5.920746852262089
-1.1018532704606363
0.0
-1.3140106496628559
-3.0978840107778343
-4.776062738030346
-6.51993730470743
-8.150796378776706
-9.853888496396987
-11.665539704753025
-3.3142643258394227
0.0
-0.4273337200525838
-1.282892292788182
-2.0745989582342257
-2.978627639642829
-3.7578733092690144
0.0
-0.5749374380950261
-1.1997865235481753
-1.7471353795517484
-2.7262591893829167
-3.6124773376743082
-4.469059199628853
-5.016408055632426
-6.0614656748049045
-2.040137713565678
-2.6114209693252137
0.0
-0.8471310234460893
-0.9868411912410182
-2.1575937790906625
-3.503429815957942
-4.85882728903137
-6.251849026670667
-7.558795017896964
-8.951816755536262
-10.228845713031461
-11.227508265973507
-12.001746398154864
-2.9166672989690543
-3.6490898157982694
-1.8358379673620104
-1.712864438497646
-1.7627281773376073
-1.7627281773376073
-1.7627281773376073
-2.0773701120151395
-2.184436119912051
-2.184436119912051
-2.184436119912051
-2.167851056815059
-2.2037835476441274
-2.2037835476441274
-2.2037835476441274
-2.2037835476441274
-2.2037835476441274
-2.290935080865253
-2.4536296435951703
-2.1157950269484944
-2.1157950269484944
-2.1157950269484944
-2.1908538764382683
-2.2659127259280423
-2.2659127259280423
-2.3601420956269994
-2.4972564785573144
-2.866293109357617
-3.2998468175977944
-3.4651426918392065
-3.9173695028263005
-4.504602661827682
-5.142730196162971
-5.380603699302711
-5.312012423353648
-5.147920300457468
-5.1454007266784405
-5.604615603117755
-5.604615603117755
-3.1064331193028485
-2.211056746107729
-2.211056746107729
-2.211056746107729
-2.211056746107729
-2.211056746107729
-2.211056746107729
-2.211056746107729
-2.211056746107729
-2.211056746107729
-2.211056746107729
-2.211056746107729
-2.211056746107729
-2.211056746107729
-2.211056746107729
-2.211056746107729
-2.211056746107729
-2.211056746107729
-2.211056746107729
-2.0758488255074616
-2.0758488255074616
-2.0758488255074616
-2.0758488255074616
-2.0758488255074616
-2.0758488255074616
-2.0758488255074616
-2.0758488255074616
-2.0758488255074616
-2.0758488255074616
-2.0758488255074616
-2.0758488255074616
-2.0758488255074616
-2.0758488255074616
-2.0758488255074616
-2.0758488255074616
-2.0758488255074616
-2.0758488255074616
-2.0758488255074616
-2.0758488255074616
-2.0758488255074616
-2.0758488255074616
-2.0758488255074616
-2.0758488255074616
-1.8774502878063604
-1.4600686944423786
-0.8353786914804686
0.0
0.0
0.0
0.0
0.0
0.0
0.0
0.0
0.0
0.0
0.0
0.0
0.0
0.0
0.0
0.0
0.0
0.0
0.0
0.0
0.0
0.0
0.0
0.0
0.0
0.0
0.0
0.0
0.0
0.0
0.0
0.0
0.0
0.0
0.0
0.0
0.0
0.0
0.0
0.0
0.0
0.0
0.0
0.0
0.0
0.0
0.0
0.0
0.0
0.0
0.0
0.0
0.0
0.0
0.0
0.0
0.0
0.0
0.0
0.0
0.0
0.0
0.0
0.0
0.0
0.0
0.0
0.0
0.0
0.0
0.0
0.0
0.0
0.0
0.0
0.0
0.0
0.0
0.0
0.0
0.0
0.0
0.0
0.0
0.0
0.0
0.0
0.0
0.0
0.0
0.0
0.0
0.0
0.0
0.0
0.0
0.0
0.0
0.0
0.0
0.0
0.0
0.0
0.0
0.0
0.0
0.0
0.0
0.0
0.0
0.0
0.0
0.0
0.0
0.0
0.0
0.0
0.0
0.0
0.0
0.0
0.0
0.0
0.0
0.0
0.0
0.0
0.0
0.0
0.0
0.0
0.0
0.0
0.0
0.0
0.0
0.0
0.0
0.0
0.0
0.0
0.0
0.0
0.0
0.0
0.0
0.0
0.0
0.0
0.0
0.0
0.0
0.0
0.0
0.0
0.0
0.0
0.0
-0.32595028242906376
-0.36446785903310497
-0.6057154912746481
-0.6057154912746481
-0.6057154912746481
-0.994511768461731
-0.8457588670280342
0.0
0.0
0.0
0.0
0.0
0.0
0.0
0.0
0.0
0.0
0.0
0.0
0.0
0.0
-0.6518205390210801
0.0
0.0
0.0
0.0
0.0
0.0
0.0
0.0
-0.3431945314546776
-0.613976686827046
0.0
0.0
0.0
0.0
0.0
0.0
0.0
-0.7834971610676209
0.0
-0.853132217968325
-0.06331392533195257
-0.4392733824451609
0.0
0.0
-1.1979446167229273
-2.465792494728299
-3.8558442688083168
-5.306479873649329
-6.7210578531431
-8.097893235856924
-6.86126008893935
-8.267918173958675
-9.572383383685668
-10.935311677477044
-12.368625812966114
-13.838333291196165
-15.341159025983902
-16.83364340363155
-18.236245472033247
-18.652610268371795
-20.046924657063773
-21.47292099222754
-23.003319865521913
-24.991705683446963
-25.37742931941204
-26.886093474120496
-28.608597344722345
-30.331101215324193
-31.95463858850757
-33.71545410635407
-15.128169742361486
-15.950163444712908
-17.045926453911406
-18.064577251455347
-19.390952188910624
-21.103769307573614
-22.211351643533586
-23.884967150240186
-16.02354539754979
-15.931537041532586
-17.328870638343695
-11.318633967652005
-12.0252427592758
-13.44547141431227
-15.058841897952508
-16.073470980364924
-17.435970112161844
-18.750070285458115
-20.204013835222767
-21.786565237009132
-18.39815784248541
-19.784232176398042
-21.170306510310674
-21.55798039468422
-22.70286996450529
-20.422369967675
-21.421156982032922
-22.30312171156639
-22.957791168204878
-20.725168348783754
-21.817293888418078
-22.641889114003963
-14.435207961810942
-14.814670208211012
-15.567358301313558
-15.565402576077549
-16.11756653023325
-16.840969721246463
-17.033609359393033
-17.7583587094397
-18.252417081820138
-18.928835710473606
-16.880307100922256
-17.778033104676016
-18.44612233549318
-17.387727585729746
-17.9159731656123
-18.83941984454298
-17.18608087486088
-9.366584154629727
-9.366584154629727
-8.301459990275161
-7.791309698100575
-7.8940845273351465
-8.065709969862692
-7.771212215404245
-5.997062310534763
-4.799078587469527
-4.443639183711059
0.0
0.0
-0.1820202056272519
0.0
0.0
0.0
-0.01110290929499508
-0.11512588515237687
0.0
-0.06511321336816955
-0.6052415399260057
-1.2277430189777738
-0.6437046925311742
-0.5982743803256165
-0.17121359184733786
-0.39558620859368476
-0.276104116528858
-0.3037286491813488
-0.3037286491813488
-0.3037286491813488
-0.3037286491813488
-0.1438634513129157
-0.018637797573812565
0.0
0.0
0.0
0.0
0.0
0.0
0.0
0.0
0.0
0.0
0.0
0.0
0.0
0.0
0.0
0.0
0.0
0.0
0.0
0.0
0.0
0.0
0.0
0.0
0.0
0.0
0.0
0.0
0.0
0.0
0.0
0.0
0.0
0.0
0.0
0.0
0.0
0.0
0.0
0.0
0.0
0.0
0.0
0.0
0.0
0.0
0.0
0.0
0.0
0.0
0.0
0.0
0.0
0.0
0.0
0.0
0.0
0.0
0.0
0.0
0.0
0.0
0.0
0.0
0.0
0.0
0.0
0.0
0.0
0.0
0.0
0.0
0.0
0.0
0.0
0.0
0.0
0.0
0.0
0.0
0.0
0.0
0.0
0.0
0.0
0.0
0.0
0.0
0.0
0.0
0.0
0.0
0.0
0.0
0.0
0.0
0.0
0.0
0.0
0.0
0.0
0.0
0.0
0.0
0.0
0.0
0.0
0.0
0.0
0.0
0.0
0.0
0.0
0.0
0.0
0.0
0.0
0.0
0.0
0.0
0.0
0.0
0.0
0.0
0.0
0.0
0.0
0.0
0.0
0.0
0.0
0.0
0.0
0.0
0.0
0.0
0.0
0.0
0.0
0.0
0.0
0.0
0.0
0.0
0.0
0.0
0.0
0.0
0.0
0.0
0.0
0.0
0.0
0.0
0.0
0.0
0.0
0.0
0.0
0.0
0.0
0.0
0.0
0.0
0.0
0.0
0.0
0.0
0.0
0.0
0.0
0.0
0.0
0.0
0.0
0.0
0.0
0.0
0.0
0.0
0.0
0.0
0.0
0.0
0.0
0.0
0.0
0.0
0.0
0.0
0.0
0.0
0.0
0.0
0.0
0.0
0.0
0.0
0.0
0.0
0.0
0.0
0.0
0.0
0.0
0.0
0.0
0.0
0.0
0.0
0.0
0.0
0.0
0.0
0.0
0.0
0.0
0.0
0.0
0.0
0.0
0.0
0.0
0.0
0.0
0.0
0.0
0.0
0.0
0.0
0.0
0.0
0.0
0.0
0.0
0.0
0.0
0.0
0.0
0.0
0.0
0.0
0.0
0.0
-0.2646722040312237
-0.4657773408184882
-0.5950571449781064
0.0
0.0
0.0
0.0
0.0
0.0
0.0
0.0
0.0
0.0
0.0
0.0
0.0
0.0
-0.34746624184500163
0.0
0.0
-0.5138073872922584
-0.764401027000051
0.0
0.0
-0.1538807971614875
-0.7936297464807702
0.0
0.0
-0.4759338685795295
-0.4204764649102362
-1.6105558681765186
-2.9290726348080582
-4.310490053628126
0.0
-1.1451213769453303
0.0
-0.9771847572517147
-2.1649112109107085
-3.3664195551375187
-4.554146008796513
-5.772912313989074
-7.028268197674466
-8.445438125075357
-10.203901609612357
-0.6735374814167479
-0.5401519924948868
0.0
0.0
-1.372551676767055
-2.91411984017365
-4.485247198580218
-5.914552083539257
-7.375112187345312
-8.673533905475823
-10.154660650228916
-11.6561388293862
-9.499734913874217
-9.48111370070982
-10.876634446339757
-11.775438262707148
-13.346565621113715
-14.514868835925173
-13.283581471534184
-13.97344977055863
-14.864687811897777
-15.811923931368113
-16.962716893420666
-18.113018477399336
-19.27276344292407
-20.470830364398285
-21.724458290951052
-22.854858981031164
-23.58157447756039
-24.379341636471377
-25.458386195321914
-26.71201412187468
-26.6890658696096
-25.392489952932568
-25.3961147840021
-25.599596027437606
-26.86254228102757
-27.820332024960273
-29.08302519070539
-30.151458249607558
-28.58426889875693
-28.38438139308386
-26.400982263951995
-27.6007626234266
-28.398529782337587
-29.128569493351733
-29.370174145702293
-25.761335075546068
-25.72371350416193
-22.522240632987277
-16.470411249638378
-17.138665145350803
-17.740289476052205
-17.94263717602311
-18.34171257406687
-18.757125380120947
-19.04782365918494
-19.12314573711313
-19.083725241392553
-19.37383992486238
-19.752038203181513
-19.759710853061303
-14.110592186107922
-12.719096169985479
-12.443557316561716
-12.35988865064455
-12.439292184220905
-12.421282204591222
-12.238732408562777
-12.238732408562777
-12.238732408562777
-12.238732408562777
-12.238732408562777
-12.238732408562777
-11.9900957909472
-11.722590812054381
-11.722590812054381
-11.722590812054381
-11.722590812054381
-11.722590812054381
-11.722590812054381
-11.722590812054381
-11.722590812054381
-11.722590812054381
-11.648293201834203
-11.365640007346531
-11.34648189203
-11.34648189203
-11.34648189203
-11.339461110869532
-11.323635833480852
-11.323635833480852
-11.323635833480852
-11.323635833480852
-11.323635833480852
-11.323635833480852
-11.323635833480852
-11.323635833480852
-11.323635833480852
-11.323635833480852
-11.323635833480852
-11.323635833480852
-11.323635833480852
-11.297197018081468
-11.297197018081468
-11.297197018081468
-11.285813613885916
-11.285813613885916
-11.285813613885916
-11.285813613885916
-11.285813613885916
-11.285813613885916
-11.285813613885916
-11.285813613885916
-11.285813613885916
-11.285813613885916
-11.285813613885916
-11.285813613885916
-11.285813613885916
-11.285813613885916
-11.285813613885916
-11.285813613885916
-11.285813613885916
-11.285813613885916
-11.285813613885916
-11.285813613885916
-11.285813613885916
-11.285813613885916
-11.285813613885916
-11.285813613885916
-11.285813613885916
-11.285813613885916
-11.285813613885916
-11.285813613885916
-11.285813613885916
-11.285813613885916
-11.285813613885916
-11.285813613885916
-11.285813613885916
-11.285813613885916
-11.285813613885916
-11.285813613885916
-11.285813613885916
-11.285813613885916
-11.285813613885916
-11.285813613885916
-11.285813613885916
-11.285813613885916
-11.285813613885916
-11.285813613885916
-11.285813613885916
-11.285813613885916
-11.285813613885916
-11.285813613885916
-11.285813613885916
-11.285813613885916
-11.285813613885916
-11.285813613885916
-11.285813613885916
-11.285813613885916
-11.285813613885916
-11.285813613885916
-11.285813613885916
-11.285813613885916
-11.285813613885916
-11.285813613885916
-11.285813613885916
-11.285813613885916
-11.285813613885916
-11.285813613885916
-11.285813613885916
-11.285813613885916
-11.285813613885916
-11.285813613885916
-11.285813613885916
-11.285813613885916
-11.285813613885916
-11.285813613885916
-11.285813613885916
-11.285813613885916
-11.285813613885916
-11.285813613885916
-11.285813613885916
-11.285813613885916
-11.285813613885916
-11.244277903426322
-11.244277903426322
-11.206266737010234
-11.206266737010234
-11.127658611658243
-11.127658611658243
-11.127658611658243
-11.127658611658243
-11.127658611658243
-11.127658611658243
-11.127658611658243
-11.127658611658243
-11.127658611658243
-11.127658611658243
-11.049050486306252
-11.030288025190536
-11.016674633291414
-11.016674633291414
-11.016674633291414
-11.016674633291414
-11.003061241392292
-10.837313289658411
-10.712807184107334
-10.333449154474959
-10.178219822143241
-10.178219822143241
-10.153541255060997
-10.153541255060997
-10.153541255060997
-10.153541255060997
-10.080061757258418
-9.182402612044507
-8.743658569419638
-8.743658569419638
-8.743658569419638
-8.730045177520516
-8.702185684222108
-8.506533729329446
-7.23749741776895
-7.23749741776895
-6.977131558273765
-6.977131558273765
-6.977131558273765
-6.977131558273765
-6.963518166374643
-6.963518166374643
-6.963518166374643
-6.963518166374643
-5.823354611476773
-5.823354611476773
-5.798676044394529
-5.798676044394529
-5.737157255045957
-5.163344740621737
-5.078131423940204
-4.963465119139093
-4.205844984333889
-3.9217038903382355
-3.7559559386043544
-3.6314498330532765
-3.094366112318518
-2.363733112101542
-2.18737469254656
-0.10185465649641134
-0.10185465649641134
-0.10185465649641134
-0.10185465649641134
0.0
0.0
0.0
0.0
0.0
0.0
0.0
0.0
0.0
0.0
0.0
0.0
0.0
0.0
0.0
0.0
0.0
0.0
0.0
0.0
0.0
0.0
0.0
0.0
0.0
0.0
0.0
0.0
0.0
0.0
0.0
0.0
0.0
0.0
0.0
0.0
0.0
0.0
0.0
0.0
0.0
0.0
0.0
0.0
0.0
0.0
0.0
0.0
0.0
-0.03089846406959723
0.0
0.0
0.0
0.0
0.0
0.0
0.0
0.0
0.0
0.0
0.0
0.0
0.0
0.0
0.0
0.0
0.0
-0.006905114798996359
-0.25229932909706176
-0.6840093301976946
-1.3430562786051057
-1.560766353732548
-1.9244022165573578
-2.1628849797743923
-0.055156272266467354
0.0
0.0
0.0
-0.18963843441995598
0.0
0.0
0.0
0.0
0.0
0.0
-1.0866513836373557
-2.1938795606265895
-3.0434519632939785
-2.408237763190564
-3.6687128770158477
-4.9897966940953005
-6.341669538445986
-7.6604239811794015
-9.004812444523024
-7.060347878789488
-8.348120547597693
-9.701786864895864
-9.510796583978031
-11.482688625835374
-13.481717939425087
-15.294444652738006
-16.285294845040188
-18.1593827030949
-10.757246915884934
-9.331230963303833
-11.023184905516139
-7.03792856714519
0.0
-1.7096220651332386
-3.5227159126712078
-5.427172853101116
-7.347913295160185
-9.186237506226519
-9.481300398586763
-8.841397560888417
0.0
-0.9711802859582426
0.0
-1.252146260996589
-2.7693543507893894
-4.31505136107458
-6.042216067807234
-7.838353157468646
-9.71820072500356
-11.383410520415818
-11.158580740175301
-11.38190205956387
-12.9742956178496
-14.675099493697077
-15.50407059258418
-17.248655376185173
-18.0025065458805
-2.241325948879137
-3.610132100353736
0.0
0.0
-0.580521454066451
0.0
0.0
0.0
-0.23624470233722591
-0.8916634987134399
-1.7793534051015627
-2.4857890018115794
-2.737580639598016
-3.7862359711200853
-4.968649819491694
-6.177730400718547
-3.9898825875733395
-5.037960339725614
-6.184062164312699
-7.214800396324394
-8.255665777905875
-8.787004055823862
-4.519594855930303
-5.2603579400379274
-6.171687960554464
-2.196407768225453
0.0
0.0
-0.4215927006060783
-1.052425885453856
0.0
0.0
0.0
0.0
0.0
0.0
0.0
0.0
0.0
0.0
0.0
0.0
0.0
0.0
0.0
0.0
0.0
0.0
0.0
0.0
0.0
0.0
0.0
0.0
0.0
0.0
0.0
0.0
0.0
0.0
0.0
0.0
0.0
0.0
0.0
0.0
0.0
0.0
0.0
0.0
0.0
0.0
0.0
0.0
0.0
0.0
0.0
0.0
0.0
0.0
0.0
0.0
0.0
0.0
0.0
0.0
0.0
0.0
0.0
0.0
0.0
0.0
0.0
0.0
0.0
0.0
0.0
0.0
0.0
0.0
0.0
0.0
0.0
0.0
0.0
0.0
0.0
0.0
0.0
0.0
0.0
0.0
0.0
0.0
0.0
0.0
0.0
0.0
0.0
0.0
0.0
0.0
0.0
0.0
0.0
0.0
0.0
0.0
0.0
0.0
0.0
0.0
0.0
0.0
0.0
0.0
0.0
0.0
0.0
0.0
0.0
0.0
0.0
0.0
0.0
0.0
0.0
0.0
0.0
0.0
0.0
0.0
0.0
0.0
0.0
0.0
0.0
0.0
0.0
0.0
0.0
0.0
0.0
0.0
0.0
0.0
0.0
0.0
0.0
0.0
0.0
0.0
0.0
0.0
0.0
0.0
0.0
0.0
0.0
0.0
0.0
0.0
0.0
0.0
0.0
0.0
0.0
0.0
0.0
0.0
0.0
0.0
0.0
0.0
0.0
0.0
0.0
0.0
0.0
0.0
0.0
0.0
0.0
0.0
0.0
0.0
0.0
0.0
0.0
0.0
0.0
0.0
0.0
0.0
0.0
0.0
0.0
0.0
0.0
0.0
0.0
0.0
0.0
0.0
0.0
0.0
0.0
0.0
0.0
0.0
0.0
0.0
0.0
0.0
0.0
0.0
0.0
0.0
0.0
0.0
0.0
0.0
0.0
0.0
0.0
0.0
0.0
0.0
0.0
0.0
0.0
0.0
0.0
0.0
0.0
0.0
0.0
0.0
0.0
0.0
0.0
0.0
0.0
0.0
0.0
0.0
0.0
0.0
0.0
0.0
0.0
0.0
0.0
0.0
0.0
0.0
0.0
0.0
-0.3713407433669218
-0.5478345832325044
0.0
0.0
0.0
0.0
0.0
0.0
0.0
0.0
0.0
-0.3946472993398662
-0.8781733931636952
-1.3099010447022452
-0.3330332587124494
-1.0619054991611314
-1.3169168652269876
-1.0431328106188558
0.0
0.0
0.0
-1.3037548615816263
-2.485653303179479
-3.534437375281436
-4.436329983219457
-5.788280489519858
-6.630250788211157
-8.034347288978088
-9.36172805135903
-8.690207316094378
-8.825201805648842
-9.303344830108832
-10.747045641520163
-9.025528788468211
-10.160622714207214
-11.415612175589313
-12.750724200613934
0.0
0.0
0.0
-0.1382330140540443
0.0
0.0
-0.7047392620599522
0.0
0.0
0.0
0.0
0.0
-1.0317382959751489
-2.3169696152681047
-3.961548374506473
0.0
0.0
0.0
-0.9357714623425228
-3.054304626491303
-5.1061141007561055
0.0
-1.2045574259503693
-2.2171382660493544
-1.7964224154020005
-3.070783047822691
-1.2480231862487934
-2.5525355587865244
-2.5547863803181
0.0
0.0
0.0
-1.435624320079672
-2.8904169297974445
0.0
-1.4154353027815914
-3.0886501179111443
-4.752416785842955
-5.147322181381913
-6.82994446077552
-8.484221728398538
-10.119394080416741
-11.911922571727056
-13.81793475323343
-6.7119049356552445
0.0
0.0
-0.6203303360084043
0.0
-1.013469955376386
-1.3478770459539327
-1.8214643496582696
-2.9177551392286665
-3.683686796873437
-4.449618454518207
-2.6076543157582535
-2.137676887289204
-2.249693174393614
-2.4527268397447504
-2.8406923947893725
-1.554573703860815
0.0
0.0
0.0
-0.12839338501886582
0.0
0.0
0.0
-0.18273342794368916
0.0
-0.4385681628155552
-0.44372530852437786
-0.8795415915790581
-1.0836374562257705
0.0
-0.9145636041756229
0.0
0.0
-0.11192349848044608
-0.26950733883429656
-0.39816711468406496
-0.5144114306384778
-0.43179010564275105
-0.1953824029242118
0.0
0.0
-0.12375998694095165
0.0
0.0
0.0
0.0
0.0
-0.016370846853677838
0.0
0.0
0.0
0.0
-0.12373288730460183
-0.04935332450456664
0.0
0.0
0.0
0.0
0.0
0.0
0.0
0.0
0.0
0.0
0.0
0.0
0.0
0.0
0.0
0.0
0.0
0.0
0.0
0.0
0.0
0.0
0.0
0.0
0.0
0.0
0.0
0.0
0.0
0.0
0.0
0.0
0.0
0.0
0.0
0.0
0.0
0.0
0.0
0.0
0.0
0.0
0.0
0.0
0.0
0.0
0.0
0.0
0.0
0.0
0.0
0.0
0.0
0.0
0.0
0.0
0.0
0.0
0.0
0.0
0.0
0.0
0.0
0.0
0.0
0.0
0.0
0.0
0.0
0.0
0.0
0.0
0.0
0.0
0.0
0.0
0.0
0.0
0.0
0.0
0.0
0.0
0.0
0.0
0.0
0.0
0.0
0.0
0.0
0.0
0.0
0.0
0.0
0.0
0.0
0.0
0.0
0.0
0.0
0.0
0.0
0.0
0.0
0.0
0.0
0.0
0.0
0.0
0.0
0.0
0.0
0.0
0.0
0.0
0.0
0.0
0.0
0.0
0.0
0.0
0.0
0.0
0.0
0.0
0.0
0.0
0.0
0.0
0.0
0.0
0.0
0.0
0.0
0.0
0.0
0.0
0.0
0.0
0.0
0.0
0.0
0.0
0.0
0.0
0.0
0.0
0.0
0.0
0.0
0.0
0.0
0.0
0.0
0.0
0.0
0.0
0.0
0.0
0.0
0.0
0.0
0.0
0.0
0.0
0.0
0.0
0.0
0.0
0.0
0.0
0.0
0.0
0.0
0.0
0.0
0.0
0.0
0.0
0.0
0.0
0.0
0.0
0.0
0.0
0.0
0.0
0.0
0.0
0.0
0.0
0.0
0.0
0.0
0.0
0.0
0.0
0.0
0.0
0.0
0.0
0.0
0.0
0.0
0.0
0.0
0.0
0.0
0.0
0.0
0.0
0.0
0.0
0.0
0.0
0.0
0.0
0.0
0.0
0.0
0.0
0.0
0.0
0.0
0.0
0.0
0.0
0.0
0.0
0.0
0.0
0.0
0.0
-0.24693854037446655
0.0
0.0
0.0
0.0
0.0
0.0
0.0
-0.5394421719378025
-0.2094606537847522
0.0
0.0
0.0
0.0
0.0
0.0
0.0
0.0
0.0
0.0
0.0
0.0
0.0
0.0
0.0
0.0
0.0
0.0
0.0
0.0
0.0
-1.2424249297172472
-2.1076425857070906
-3.2959692382311845
-4.561251884577807
-5.7495785371019
-6.970349817836069
-3.972148859597956
-4.357583777507056
-2.2405151930693235
-3.5397062884376513
-4.022870351015864
0.0
-0.28003455632727736
0.0
-0.9165998603356582
-2.2541070158362384
-3.585660353658648
-5.284745514950559
-7.033796985545569
-6.693372055828238
-3.90995999558248
-5.3981762199629
-7.083490970010964
-8.76880572005903
-10.50616248406081
-12.07563772618691
-12.774391923610398
-10.713112364901633
-12.530191901487541
-14.355679835785697
-9.844761046646234
-8.850780509176312
-6.116635928871532
-7.79529870394223
-5.176329040132376
0.0
-1.2262151955055194
0.0
-1.5319104346179027
-3.1747315906432005
-4.771981536580925
0.0
-1.3543233366483654
0.0
-1.5934015148977552
-2.854099829145415
-3.383429190269579
-4.2965316511422165
0.0
-0.9198207824755149
-2.1593647510608998
-3.6864393860031437
-2.9200667622089505
-2.66091906992274
0.0
0.0
0.0
0.0
-0.8909118583768858
-1.8227320309605402
-2.9020567710289558
-4.045198124428204
-5.42580598213906
0.0
0.0
-0.7367991775335344
-1.8700584536636424
-3.0763836958498736
0.0
0.0
0.0
0.0
0.0
0.0
-0.06512431053116291
-0.0764801122988243
0.0
0.0
0.0
-0.9107132618039833
-1.834491106648109
0.0
-0.6021696760274511
-0.48017391156211053
-1.231143915533414
-2.058816289939654
0.0
0.0
0.0
-0.24838433636995158
-0.24838433636995158
-0.24838433636995158
-0.24838433636995158
-0.24838433636995158
-0.24179691929547664
-0.21267169429486626
-0.1549413354302269
-0.31508675314187135
-0.6625261841679169
-0.9436284899870692
-1.2424742477089423
-1.5585092562722542
-1.8912404759319292
-1.8899669592305068
-1.8899556970423266
-1.8899556970423266
-1.883493901314863
-1.8721680417995887
-0.6562817631712912
-0.014858555166372134
0.0
0.0
0.0
0.0
0.0
0.0
0.0
0.0
0.0
0.0
0.0
0.0
0.0
0.0
0.0
0.0
0.0
0.0
0.0
0.0
0.0
0.0
0.0
0.0
0.0
0.0
0.0
0.0
0.0
0.0
0.0
0.0
0.0
0.0
0.0
0.0
0.0
0.0
0.0
0.0
0.0
0.0
0.0
0.0
0.0
0.0
0.0
0.0
0.0
0.0
0.0
0.0
0.0
0.0
0.0
0.0
0.0
0.0
0.0
0.0
0.0
0.0
0.0
0.0
0.0
0.0
0.0
0.0
0.0
0.0
0.0
0.0
0.0
0.0
0.0
0.0
0.0
0.0
0.0
0.0
0.0
0.0
0.0
0.0
0.0
0.0
0.0
0.0
0.0
0.0
0.0
0.0
0.0
0.0
0.0
0.0
0.0
0.0
0.0
0.0
0.0
0.0
0.0
0.0
0.0
0.0
0.0
0.0
0.0
0.0
0.0
0.0
0.0
0.0
0.0
0.0
0.0
0.0
0.0
0.0
0.0
0.0
0.0
0.0
0.0
0.0
0.0
0.0
0.0
0.0
0.0
0.0
0.0
0.0
0.0
0.0
0.0
0.0
0.0
0.0
0.0
0.0
0.0
0.0
0.0
0.0
0.0
0.0
0.0
0.0
0.0
0.0
0.0
0.0
0.0
0.0
0.0
0.0
0.0
0.0
0.0
0.0
0.0
0.0
0.0
0.0
0.0
0.0
0.0
0.0
0.0
0.0
0.0
0.0
0.0
0.0
0.0
0.0
0.0
0.0
0.0
0.0
0.0
0.0
0.0
0.0
0.0
0.0
0.0
0.0
-0.054918786822580445
-0.02725481555090925
0.0
0.0
0.0
0.0
0.0
0.0
0.0
0.0
0.0
0.0
0.0
0.0
0.0
-0.09307934868509676
0.0
0.0
0.0
0.0
0.0
0.0
0.0
0.0
0.0
0.0
0.0
0.0
0.0
0.0
0.0
0.0
0.0
0.0
0.0
0.0
0.0
0.0
0.0
0.0
0.0
0.0
0.0
0.0
0.0
-0.5305121588073292
-0.5475369759835442
0.0
0.0
0.0
0.0
-0.6732671385566527
0.0
0.0
0.0
0.0
0.0
-0.19214050016605966
-0.6055274616874085
0.0
0.0
0.0
0.0
0.0
-0.4319506013824228
-0.8051814273888775
-0.871982344402225
-0.9229678899345131
-0.025588696275760547
-0.36047173570228863
0.0
0.0
0.0
-0.9580764056372163
-0.3765727433679933
0.0
-1.3261834201714626
-2.8273759707762425
-4.2817376082893475
-5.239355742568227
-4.795246109545959
-5.562542898892792
-7.616922076339672
-9.746777913988968
-11.83055269001499
-9.89417681410523
-10.623038920834917
-12.450823582155016
-14.122313842048886
-15.782205008279659
-17.444011819143046
-19.026805496788004
-20.49488235256403
-22.087497659892893
-23.710052251822596
-10.879126021132626
-7.485113768576863
-1.4857861495943956
-2.2827724544307637
-4.079541273250119
-5.82290869229656
-4.441451929172276
0.0
0.0
-1.268417499789167
0.0
-0.4233364935723739
0.0
-0.6870673408140087
-1.6075890075112813
-0.7021520226961877
-0.9884633798496107
-1.1907750709898468
-1.7268267740298455
-1.8231745741648993
-2.9947814420820436
0.0
0.0
0.0
0.0
-0.2011595356936836
-0.3858366648015569
-0.49384101566320204
0.0
-0.17236127322420847
-0.504395651270579
-0.4620801318757469
0.0
0.0
0.0
-0.183361325652095
-0.22319060796351148
0.0
0.0
0.0
0.0
0.0
-0.22103475884320894
-0.6830595936110226
0.0
0.0
-0.5403059923000054
-1.0478444832735097
-1.3550623603317686
0.0
-0.5936523452267631
-1.2269460177161742
-1.208122187834751
-1.9091831029518413
-1.9091831029518413
-1.9091831029518413
-1.8352060871491667
-1.878677165603877
-2.2525611574272455
-2.7801595549104556
-3.0463223347759216
-3.6480650893218236
-4.0936827267160165
-4.410756471589483
-4.9471636344510905
-5.2133264143165565
-5.36646906760607
-5.913017050989647
-6.399417271857771
-6.885817492725894
-7.372217713594018
-7.758211364446693
-7.758211364446693
-8.244611585314816
-8.819707376267667
-9.10715529814315
-9.10715529814315
-9.10715529814315
-9.10715529814315
-9.10715529814315
-9.10715529814315
-9.10715529814315
-9.10715529814315
-9.775877421917611
-10.063325343793094
-10.063325343793094
-10.222837082848434
-10.209740927299777
-10.209740927299777
-10.188349541168058
-10.188349541168058
-10.188349541168058
-10.188349541168058
-10.055874471195635
-10.055874471195635
-9.992189658796976
-9.992189658796976
-9.992189658796976
-9.74677449434793
-9.74677449434793
-9.74677449434793
-9.74677449434793
-8.819663354585613
-7.755759379954108
-7.755759379954108
-7.755759379954108
-7.755759379954108
-7.755759379954108
-7.755759379954108
-7.755759379954108
-7.755759379954108
-7.755759379954108
-7.755759379954108
-7.73967971511709
-7.708665072607495
-7.708665072607495
-7.708665072607495
-7.708665072607495
-7.708665072607495
-7.708665072607495
-7.708665072607495
-7.708665072607495
-7.708665072607495
-7.708665072607495
-7.708665072607495
-7.708665072607495
-7.708665072607495
-7.708665072607495
-7.708665072607495
-7.708665072607495
-7.708665072607495
-7.708665072607495
-7.708665072607495
-7.708665072607495
-7.482059122379753
-7.482059122379753
-7.482059122379753
-7.482059122379753
-7.482059122379753
-7.314798398795031
-7.314798398795031
-7.314798398795031
-7.036509661624867
-7.036509661624867
-7.036509661624867
-7.036509661624867
-7.036509661624867
-7.036509661624867
-7.036509661624867
-7.036509661624867
-7.036509661624867
-7.036509661624867
-7.036509661624867
-7.036509661624867
-7.036509661624867
-6.916870805044962
-6.916870805044962
-6.916870805044962
-6.885714911258675
-6.885714911258675
-6.885714911258675
-6.885714911258675
-6.885714911258675
-6.885714911258675
-6.885714911258675
-6.885714911258675
-6.885714911258675
-6.885714911258675
-6.885714911258675
-6.885714911258675
-6.885714911258675
-6.885714911258675
-6.885714911258675
-6.885714911258675
-6.885714911258675
-6.885714911258675
-6.885714911258675
-6.885714911258675
-6.885714911258675
-6.885714911258675
-6.885714911258675
-6.885714911258675
-6.885714911258675
-6.885714911258675
-6.885714911258675
-6.885714911258675
-6.885714911258675
-6.885714911258675
-6.885714911258675
-6.885714911258675
-6.885714911258675
-6.885714911258675
-6.885714911258675
-6.885714911258675
-6.885714911258675
-6.822407154149094
-6.822407154149094
-6.822407154149094
-6.822407154149094
-6.822407154149094
-6.822407154149094
-6.822407154149094
-6.822407154149094
-6.822407154149094
-6.822407154149094
-6.822407154149094
-6.822407154149094
-6.822407154149094
-6.822407154149094
-6.822407154149094
-6.822407154149094
-6.822407154149094
-6.822407154149094
-6.822407154149094
-6.822407154149094
-6.822407154149094
-6.822407154149094
-6.822407154149094
-6.822407154149094
-6.822407154149094
-6.822407154149094
-6.822407154149094
-6.822407154149094
-6.822407154149094
-6.77730028989354
-6.754323183196919
-6.726463689898512
-6.655792504560121
-6.495936229980193
-5.050325002330974
-4.864159060192667
-4.106538925387463
-2.1206211101771153
-1.3957546432307901
-0.5123308925834344
-0.5123308925834344
-0.5123308925834344
-0.5123308925834344
-0.5123308925834344
-0.5123308925834344
-0.5123308925834344
-0.5123308925834344
-0.5123308925834344
-0.3976645877823236
0.0
0.0
0.0
0.0
0.0
0.0
0.0
0.0
0.0
0.0
0.0
0.0
0.0
0.0
0.0
0.0
0.0
0.0
0.0
0.0
0.0
0.0
0.0
0.0
0.0
0.0
0.0
0.0
0.0
0.0
0.0
0.0
0.0
0.0
0.0
0.0
0.0
0.0
0.0
0.0
0.0
0.0
0.0
0.0
0.0
0.0
0.0
-0.1478128397244136
0.0
0.0
0.0
0.0
-0.20099211455040272
-0.7237633917916284
-1.0814713932096018
-0.14182777035006122
0.0
0.0
0.0
-0.1570989322518801
-0.2753452899362214
-0.591799986223426
-0.8329813239015209
-0.9356580151156191
0.0
0.0
0.0
0.0
-1.5433782831613327
-2.9416649100848664
-4.299404953189168
-5.567202660621269
-6.960027100130553
-6.010045092295076
-7.297280670485357
0.0
0.0
0.0
-0.5161723940682
0.0
0.0
-0.5311386932705291
-1.2026566357466382
-1.883669386829863
0.0
0.0
0.0
0.0
-0.8887976074725294
-2.2753277879756446
-3.0721214005364263
0.0
0.0
0.0
-1.0020449779705856
0.0
0.0
-0.9163857698155705
-2.3029159503186856
-3.7786360090595768
-3.981726278842683
-5.489942504944491
-6.813897464569623
-8.181156396343145
-9.581286383868836
-10.922509927497464
-12.221345682445222
-13.533087201776805
-13.22249551202831
-12.68903789318425
-14.143456653517188
-15.605898158217158
-16.587985587255297
-15.134345101377459
-7.472453538924294
-9.294827866703406
-11.049072044974158
-5.002811341948764
0.0
0.0
-1.3750100326861647
-1.9543825929203418
-3.6714398901536835
-3.4219421418320732
-3.2533988931140034
-4.775249564164545
0.0
0.0
0.0
0.0
0.0
0.0
-1.0984495128770337
-2.5281197629286725
-3.709150788648282
-5.0841608213344465
-5.645110163373019
-6.804208171868325
-3.3844917820216587
-3.92970242946449
0.0
-0.332017801554561
-0.6513085646827164
0.0
0.0
-1.082805569490009
-1.7206121753324934
-3.0089796513634655
-3.8965055528619175
-3.957326179554978
-2.990265067571963
-4.182759125993217
-3.362072695137603
-0.12537066946761888
0.0
0.0
-0.003993256322228439
-0.032642934489100356
-0.007882610771137805
0.0
0.0
0.0
0.0
-0.2334090313574509
0.0
0.0
0.0
0.0
0.0
0.0
0.0
0.0
-0.22408040110285812
-0.29696532514018115
-0.31410788362377495
-0.7247473522387362
-1.1002964049425372
-1.2593793322957598
0.0
0.0
0.0
0.0
0.0
0.0
0.0
0.0
0.0
0.0
-0.0050509122564520725
0.0
0.0
0.0
0.0
0.0
0.0
0.0
0.0
0.0
0.0
0.0
0.0
0.0
0.0
0.0
0.0
0.0
0.0
0.0
0.0
0.0
0.0
0.0
0.0
0.0
0.0
0.0
0.0
0.0
0.0
0.0
0.0
0.0
0.0
0.0
0.0
0.0
0.0
0.0
0.0
0.0
0.0
0.0
0.0
0.0
0.0
0.0
0.0
0.0
0.0
0.0
0.0
0.0
0.0
0.0
0.0
0.0
0.0
0.0
0.0
0.0
0.0
0.0
0.0
0.0
0.0
0.0
0.0
0.0
0.0
0.0
0.0
0.0
0.0
0.0
0.0
0.0
0.0
0.0
0.0
0.0
0.0
0.0
0.0
0.0
0.0
0.0
0.0
0.0
0.0
0.0
0.0
0.0
0.0
0.0
0.0
0.0
0.0
0.0
0.0
0.0
0.0
0.0
0.0
0.0
0.0
0.0
0.0
0.0
0.0
0.0
0.0
0.0
0.0
0.0
0.0
0.0
0.0
0.0
0.0
0.0
0.0
0.0
0.0
0.0
0.0
0.0
0.0
0.0
0.0
0.0
0.0
0.0
0.0
0.0
0.0
0.0
0.0
0.0
0.0
0.0
0.0
0.0
0.0
0.0
0.0
0.0
0.0
0.0
0.0
0.0
0.0
0.0
0.0
0.0
0.0
0.0
0.0
0.0
0.0
0.0
0.0
0.0
0.0
0.0
0.0
0.0
0.0
0.0
0.0
0.0
0.0
0.0
0.0
0.0
0.0
0.0
0.0
0.0
0.0
0.0
0.0
0.0
0.0
0.0
0.0
0.0
0.0
0.0
0.0
0.0
0.0
0.0
0.0
0.0
0.0
0.0
0.0
0.0
0.0
0.0
0.0
0.0
0.0
0.0
0.0
0.0
0.0
0.0
0.0
0.0
0.0
0.0
0.0
0.0
0.0
0.0
0.0
0.0
0.0
0.0
0.0
0.0
0.0
0.0
0.0
0.0
0.0
0.0
-0.36175769337473934
-0.5113361569267629
0.0
0.0
0.0
0.0
0.0
0.0
0.0
0.0
0.0
0.0
0.0
0.0
0.0
0.0
0.0
0.0
0.0
0.0
0.0
0.0
0.0
0.0
0.0
0.0
0.0
0.0
0.0
0.0
0.0
0.0
0.0
0.0
-0.5241748828579449
-1.0384417143437576
0.0
0.0
0.0
-0.7466929794640755
-1.3305137185447995
-1.8832840114933866
0.0
0.0
-0.6642528997851952
-1.1214926720095146
0.0
-0.32508353486039976
-0.7678950547531391
0.0
0.0
-0.6113416589626115
-1.1951623980433355
-1.9465083726314358
-2.4607752041172484
0.0
0.0
-0.5600612525491101
-1.5583980280043037
-2.8872802182318544
0.0
-1.3367486175083376
-2.1323133091945055
-2.086492984316458
-3.010118944989644
-4.1627887088360955
-5.341587765409665
-6.526244439309288
-7.7681336191487675
-6.329614073371863
-2.5575549797847454
-3.67977328568979
-4.835973959856694
-6.005510929033989
-7.229083449852498
-8.452655970671005
-9.658390261310473
-10.762387399386935
-11.07224372368009
-5.044617638035995
0.0
0.0
0.0
-0.21924482582701832
0.0
-1.1371092694178808
-2.333009914095443
-2.2839542721827852
-3.7401845838486016
-4.503042081111846
-6.034490962601813
0.0
-0.9253797626487599
-1.925829515803493
-3.5948208882380315
-5.039300391999335
-6.467203488661228
-7.928109415394887
-6.5506342878751855
-6.27834714024009
0.0
0.0
-0.9108576340151284
-2.2358814283236863
-3.3930538082899173
-4.190905205311135
-5.48019009923545
-0.21197672386229183
-0.8445532767911811
-1.189836076588945
-1.788612801904614
-2.4988588455147545
-3.392003561616489
-4.465891056590122
-5.509404313471183
-6.428642120594869
-7.24052151957063
-8.247744297577785
-8.957990341187926
-9.468671043452334
-10.132553423233105
-10.999130081905388
-11.694132464281886
-12.58727718038362
-13.618780533312952
-14.341735119740907
-10.870584487522374
-11.652196244757986
-12.183340973341098
-13.083918526785562
-13.82016852329121
-12.638299629946935
-13.38933117062023
-14.369047486546705
-13.326596907297112
-9.24967606589064
-9.142852013803681
-9.142852013803681
-9.142852013803681
-9.142852013803681
-9.142852013803681
-9.142852013803681
-9.142852013803681
-9.142852013803681
-9.25490768664081
-9.210242683110119
-9.123785920218753
-9.123785920218753
-9.123785920218753
-9.123785920218753
-9.123785920218753
-9.123785920218753
-9.123785920218753
-9.123785920218753
-9.123785920218753
-9.123785920218753
-9.11197941073656
-9.059674879029764
-9.059674879029764
-9.059674879029764
-9.059674879029764
-2.6897478978725315
0.0
0.0
0.0
0.0
0.0
0.0
0.0
0.0
0.0
0.0
0.0
0.0
0.0
0.0
0.0
0.0
0.0
0.0
0.0
0.0
0.0
0.0
0.0
0.0
0.0
0.0
0.0
0.0
0.0
0.0
0.0
0.0
0.0
0.0
0.0
0.0
0.0
0.0
0.0
0.0
0.0
0.0
0.0
0.0
0.0
0.0
0.0
0.0
0.0
0.0
0.0
0.0
0.0
0.0
0.0
0.0
0.0
0.0
0.0
0.0
0.0
0.0
0.0
0.0
0.0
0.0
0.0
0.0
0.0
0.0
0.0
0.0
0.0
0.0
0.0
0.0
0.0
0.0
0.0
0.0
0.0
0.0
0.0
0.0
0.0
0.0
0.0
0.0
0.0
0.0
0.0
0.0
0.0
0.0
0.0
0.0
0.0
0.0
0.0
0.0
0.0
0.0
0.0
0.0
0.0
0.0
0.0
0.0
0.0
0.0
0.0
0.0
0.0
0.0
0.0
0.0
0.0
0.0
0.0
0.0
0.0
0.0
0.0
0.0
0.0
0.0
0.0
0.0
0.0
0.0
0.0
0.0
0.0
0.0
0.0
0.0
0.0
0.0
0.0
0.0
0.0
0.0
0.0
0.0
0.0
0.0
0.0
0.0
0.0
0.0
0.0
0.0
0.0
0.0
0.0
0.0
0.0
0.0
0.0
0.0
0.0
0.0
0.0
0.0
0.0
0.0
0.0
0.0
0.0
0.0
0.0
0.0
0.0
0.0
0.0
0.0
0.0
0.0
0.0
0.0
0.0
0.0
0.0
0.0
0.0
0.0
0.0
0.0
0.0
0.0
0.0
-0.041771582827868886
0.0
-0.046779319962484134
0.0
0.0
0.0
-0.243647567756408
0.0
-0.1294785701536566
0.0
0.0
0.0
0.0
0.0
0.0
0.0
0.0
0.0
0.0
0.0
0.0
0.0
0.0
0.0
0.0
0.0
0.0
-0.25039961542624517
0.0
0.0
0.0
-0.08922488038791698
-0.6937495608325988
0.0
0.0
0.0
0.0
-0.3555848523792564
-0.7835658771548324
0.0
0.0
0.0
0.0
0.0
0.0
0.0
0.0
0.0
-1.2739667785472308
-2.3064974858970575
-3.6099102837402173
-2.4473785331384903
-1.7719657898086019
-2.7511130830229353
-4.149459536823129
-5.521745042516348
-6.889187806000901
0.0
0.0
-0.9833147723660768
-0.45480226227333187
-2.1893349073446715
0.0
-1.0130072150489995
-2.957231090998483
-4.940367573364505
-6.283977993742695
-4.0979481668403
0.0
0.0
-1.4100247021872054
0.0
-1.267473550458438
-2.965213880219453
-4.662954209980468
0.0
-0.5319305473530574
-2.3841429559541174
-0.47213521594304697
0.0
-1.774413366446583
-3.080670247430748
-4.575181424244174
-6.185911629644579
-7.995206553607859
-9.734226661591594
-11.628634513252837
-13.455185637542456
-13.917914315840871
-13.2780201428937
-12.272749166409161
-14.038363136571297
-15.472101032340083
-15.394169871889048
-16.878698821842793
-11.798612783704925
-8.473200090160264
-8.25909481675857
-9.842319398215167
-9.228508508347318
-10.399170538045441
-11.734413556604416
-12.341077808972951
-13.096734350661249
-13.817878382734019
-13.964279113869976
-14.693563825052344
-15.433618715200721
-16.8008973301046
-7.915566202004726
-0.8669801007755851
0.0
0.0
0.0
0.0
-0.8323605288530903
-1.7923983264649386
0.0
0.0
0.0
0.0
0.0
0.0
0.0
0.0
-0.23754852489596098
-0.7188365316278378
-1.1859549916592063
-1.6712397869885038
-2.1743050831113124
-2.621531472415066
-3.079222424979211
-2.235678427502736
-1.414946982647899
-1.972186971441325
-2.3821320247765785
-1.7066032024794375
0.0
0.0
0.0
0.0
0.0
0.0
0.0
0.0
0.0
0.0
-0.07712700159928289
0.0
0.0
0.0
0.0
0.0
-0.17765240375540056
0.0
0.0
0.0
0.0
0.0
0.0
0.0
0.0
0.0
0.0
-0.020975996312709327
0.0
0.0
0.0
0.0
0.0
0.0
0.0
0.0
0.0
0.0
0.0
0.0
0.0
0.0
0.0
0.0
0.0
0.0
0.0
0.0
0.0
0.0
0.0
0.0
0.0
0.0
0.0
0.0
0.0
0.0
0.0
0.0
0.0
0.0
0.0
0.0
0.0
0.0
0.0
0.0
0.0
0.0
0.0
0.0
0.0
0.0
0.0
0.0
0.0
0.0
0.0
0.0
0.0
0.0
0.0
0.0
0.0
0.0
0.0
0.0
0.0
0.0
0.0
0.0
0.0
0.0
0.0
0.0
0.0
0.0
0.0
0.0
0.0
0.0
0.0
0.0
0.0
0.0
0.0
0.0
0.0
0.0
0.0
0.0
0.0
0.0
0.0
0.0
0.0
0.0
0.0
0.0
0.0
0.0
0.0
0.0
0.0
0.0
0.0
0.0
0.0
0.0
0.0
0.0
0.0
0.0
0.0
0.0
0.0
0.0
0.0
0.0
0.0
0.0
0.0
0.0
0.0
0.0
0.0
0.0
0.0
0.0
0.0
0.0
0.0
0.0
0.0
0.0
0.0
0.0
0.0
0.0
0.0
0.0
0.0
0.0
0.0
0.0
0.0
0.0
0.0
0.0
0.0
0.0
0.0
0.0
0.0
0.0
0.0
0.0
0.0
0.0
0.0
0.0
0.0
0.0
0.0
0.0
0.0
0.0
0.0
0.0
0.0
0.0
0.0
0.0
0.0
0.0
0.0
0.0
0.0
0.0
0.0
0.0
0.0
0.0
0.0
0.0
0.0
0.0
0.0
0.0
0.0
0.0
0.0
0.0
0.0
0.0
0.0
0.0
0.0
0.0
0.0
0.0
0.0
0.0
0.0
0.0
0.0
0.0
0.0
0.0
0.0
0.0
0.0
0.0
0.0
0.0
0.0
0.0
0.0
0.0
0.0
0.0
0.0
0.0
0.0
0.0
0.0
-0.16487688173631498
0.0
0.0
0.0
-0.285769800885888
0.0
0.0
0.0
0.0
0.0
0.0
0.0
0.0
0.0
-0.3132854876499251
-0.8348288521875735
0.0
-0.2672527219972259
-0.7535644266016741
-0.7209369695799546
-0.5110980989946223
0.0
0.0
0.0
0.0
0.0
-0.1477454200053656
-0.13847832536185223
-0.016849470718069526
0.0
0.0
0.0
-0.479673365668
-0.9692667372151224
0.0
0.0
0.0
-0.5177002102307655
0.0
0.0
-0.6054239362907362
-1.824440015109912
-3.135013863218017
-4.458345685253905
0.0
-0.9603877057182596
-0.4224628999607939
0.0
-0.4363715515557227
-1.52222874913744
-2.6744414778459156
-3.994657863655481
-0.919542634471616
0.0
-0.7831341552189717
-2.065667428100258
-2.677777879066501
-3.1605437101221616
-4.281673307301414
-3.485162194845141
-4.628556994757912
-2.58999741661336
-3.1222755353071823
-1.8566666932014346
-2.665186104606122
-4.263784002072917
0.0
-0.4189495873516441
0.0
-1.1764447548803982
-2.105703862521173
-2.4261487328504368
0.0
0.0
0.0
0.0
0.0
-1.3147042500198076
-2.6294085000396152
-3.7305073370638806
-1.5138951610195899
-3.1312754311293087
0.0
-0.5201622735086306
0.0
0.0
-1.2359524822461172
-2.4949947658170144
0.0
-0.6948168792867585
-0.5371007073183033
-0.48032235497106757
-1.339092218717619
-2.143086590167429
-2.6870389936217585
-3.6114299838502077
-4.645328045424588
-5.7512195450085235
-6.997150213013312
-8.103041712597248
-9.218828231956191
-10.446852778406937
-11.728050596139115
-12.853655346084965
-10.82399827346605
-6.323450367796061
-5.908565349468977
0.0
-1.089856444376906
-1.9463773164628038
-3.0909350167561582
-4.2165397667020095
-5.322431266285945
0.0
-0.7378070685916767
0.0
-0.3179387364942999
0.0
-0.3525286438318668
-0.8928622994332224
0.0
0.0
0.0
0.0
0.0
-0.09286116917101124
0.0
-0.4805283201971854
-1.0915838126551518
-1.4934923989963202
-1.8109950683114384
-2.343565897931435
-2.343565897931435
-2.343565897931435
-2.343565897931435
-2.343565897931435
-2.343565897931435
-2.3384029482507582
-2.234763398916233
-2.374674300814396
-0.5609441146854701
-0.5551403510833653
0.0
0.0
-0.267543558317152
-0.6595160502614499
-0.8176485500892695
-0.9475848074141278
-1.035236325788504
-1.097675542734567
-1.0952085474167021
-0.08706966327179666
-0.06599294542222439
-0.007483397659511268
0.0
0.0
0.0
0.0
0.0
0.0
0.0
0.0
0.0
0.0
0.0
0.0
0.0
0.0
0.0
0.0
0.0
0.0
0.0
0.0
0.0
0.0
0.0
0.0
0.0
0.0
0.0
0.0
0.0
0.0
0.0
0.0
0.0
0.0
0.0
0.0
0.0
0.0
0.0
0.0
0.0
0.0
0.0
0.0
0.0
0.0
0.0
0.0
0.0
0.0
0.0
0.0
0.0
0.0
0.0
0.0
0.0
0.0
0.0
0.0
0.0
0.0
0.0
0.0
0.0
0.0
0.0
0.0
0.0
0.0
0.0
0.0
0.0
0.0
0.0
0.0
0.0
0.0
0.0
0.0
0.0
0.0
0.0
0.0
0.0
0.0
0.0
0.0
0.0
0.0
0.0
0.0
0.0
0.0
0.0
0.0
0.0
0.0
0.0
0.0
0.0
0.0
0.0
0.0
0.0
0.0
0.0
0.0
0.0
0.0
0.0
0.0
0.0
0.0
0.0
0.0
0.0
0.0
0.0
0.0
0.0
0.0
0.0
0.0
0.0
0.0
0.0
0.0
0.0
0.0
0.0
0.0
0.0
0.0
0.0
0.0
0.0
0.0
0.0
0.0
0.0
0.0
0.0
0.0
0.0
0.0
0.0
0.0
0.0
0.0
0.0
0.0
0.0
0.0
0.0
0.0
0.0
0.0
0.0
0.0
0.0
0.0
0.0
0.0
0.0
0.0
0.0
0.0
0.0
0.0
0.0
0.0
0.0
0.0
0.0
0.0
0.0
0.0
0.0
0.0
0.0
0.0
0.0
0.0
0.0
0.0
0.0
0.0
0.0
0.0
0.0
0.0
0.0
0.0
0.0
0.0
0.0
0.0
0.0
-0.16111826359729753
0.0
0.0
0.0
0.0
0.0
0.0
0.0
0.0
0.0
0.0
0.0
0.0
0.0
0.0
-0.57027710021608
-0.9531340541695532
-1.0169042570952394
-0.872034623979568
-0.8640646588102163
-0.6770486747990754
0.0
0.0
-0.062209007508051695
-1.283235519778549
-2.385289267729936
-3.5532979554840978
-4.823714884372876
-5.7952861661708575
-6.044824233124481
-7.440955746348165
0.0
0.0
-1.0321308242868534
-2.116436698632909
-3.3072395215154886
-3.338845697328543
-4.43329698805507
-4.8116399275707025
0.0
-1.3631686181125522
-0.7997543704143657
0.0
0.0
-1.3748908237812802
0.0
0.0
-1.1583155044604443
0.0
0.0
-0.8497784752404279
-0.820376979791822
-0.943028681047501
-1.8702230317621402
-2.7506665022097887
-0.8201955051566996
-1.9152721978421268
-2.996799473788337
-4.158677017634571
-5.3330295824911005
-6.582283419239821
-3.885297321353332
0.0
0.0
0.0
0.0
0.0
-1.2550354653489428
-2.4275772308644004
-3.7080069181914874
-5.002199061787354
-4.677773562562244
0.0
0.0
0.0
0.0
-1.0571954527866416
-1.2780167951355188
-1.8704749097418019
-3.410140570075708
-4.997849409982658
0.0
0.0
-1.616034372131457
-3.194219595341655
-1.4793392525168645
0.0
-1.6066328355718875
-3.446087566093275
-5.276992405436933
-7.11644713595832
-8.921524523808428
-10.656363748517439
-12.408955229262471
-13.977574957522348
-15.366026909114124
-8.783264487446463
-8.757193367499852
-9.828626459280276
-3.5892288933928507
-2.192316175134762
-3.3262475786102366
-0.9352101612156498
-1.6788823781186202
-2.3639880733294345
-2.731283442583597
-0.28833426709596965
0.0
-0.5451937132251676
-1.3518462119955115
-2.243294839141353
-3.205781553271208
-4.23862842045962
-4.019236170789317
-5.163363729569898
-6.335187886133912
-2.7802340633150253
-3.460118647543228
-4.166150459083152
-5.2803542088175925
0.0
-0.3119476822950005
-1.0683702602261262
-1.569225543995997
-2.303727922993971
-3.1332742589509475
-3.9888299265997156
-4.893539273105263
-5.810504022799398
-6.666059690448166
0.0
0.0
0.0
0.0
0.0
-0.14903082725187622
0.0
0.0
0.0
0.0
0.0
0.0
0.0
0.0
0.0
0.0
0.0
0.0
0.0
0.0
0.0
0.0
0.0
0.0
0.0
0.0
-0.039198486802819434
-0.06986663381497285
-0.18695767274397776
-0.18695767274397776
-0.2936929525497161
0.0
0.0
0.0
0.0
0.0
0.0
0.0
0.0
0.0
0.0
0.0
0.0
0.0
0.0
0.0
0.0
0.0
0.0
0.0
0.0
0.0
0.0
0.0
0.0
0.0
0.0
0.0
0.0
0.0
0.0
0.0
0.0
0.0
0.0
0.0
0.0
0.0
0.0
0.0
0.0
0.0
0.0
0.0
0.0
0.0
0.0
0.0
0.0
0.0
0.0
0.0
0.0
0.0
0.0
0.0
0.0
0.0
0.0
0.0
0.0
0.0
0.0
0.0
0.0
0.0
0.0
0.0
0.0
0.0
0.0
0.0
0.0
0.0
0.0
0.0
0.0
0.0
0.0
0.0
0.0
0.0
0.0
0.0
0.0
0.0
0.0
0.0
0.0
0.0
0.0
0.0
0.0
0.0
0.0
0.0
0.0
0.0
0.0
0.0
0.0
0.0
0.0
0.0
0.0
0.0
0.0
0.0
0.0
0.0
0.0
0.0
0.0
0.0
0.0
0.0
0.0
0.0
0.0
0.0
0.0
0.0
0.0
0.0
0.0
0.0
0.0
0.0
0.0
0.0
0.0
0.0
0.0
0.0
0.0
0.0
0.0
0.0
0.0
0.0
0.0
0.0
0.0
0.0
0.0
0.0
0.0
0.0
0.0
0.0
0.0
0.0
0.0
0.0
0.0
0.0
0.0
0.0
0.0
0.0
0.0
0.0
0.0
0.0
0.0
0.0
0.0
0.0
0.0
0.0
0.0
0.0
0.0
0.0
0.0
0.0
0.0
0.0
0.0
0.0
0.0
0.0
0.0
0.0
0.0
0.0
0.0
0.0
0.0
0.0
0.0
0.0
0.0
0.0
0.0
0.0
0.0
0.0
0.0
0.0
0.0
0.0
0.0
0.0
0.0
0.0
0.0
0.0
0.0
0.0
0.0
0.0
0.0
0.0
0.0
0.0
0.0
0.0
0.0
0.0
0.0
0.0
0.0
0.0
0.0
0.0
0.0
0.0
0.0
0.0
0.0
0.0
0.0
0.0
0.0
0.0
0.0
0.0
0.0
0.0
0.0
0.0
0.0
0.0
0.0
0.0
0.0
0.0
0.0
0.0
0.0
0.0
0.0
0.0
0.0
0.0
0.0
-0.10858964093276313
0.0
0.0
-0.3965572444854999
0.0
0.0
0.0
-0.5779819510415168
-1.0891433336758891
-1.2756613639708951
-1.5685257656788962
-1.661987858155017
-1.8176733979376178
-1.882769813599703
0.0
-1.3868019530067972
-2.749441441147985
-4.119740972383459
-5.343679760257784
-6.575342181079325
-6.772652850501402
-2.159530605625947
-1.4154791594663112
-1.7172835232104964
-2.851267730027734
-1.709262440076206
0.0
0.0
-1.0554853907681976
-2.0706989795386805
-3.248425530768876
-4.431947176870357
-5.627560871985858
-6.833413777089865
0.0
-1.179700883910256
-2.3468896557141647
-1.6712789880249939
-2.3551712001079403
-3.5154778972219454
-4.678127104232486
-5.861648750333966
-7.053974949183714
-8.523530865822334
-10.397411013240974
-12.245791711927435
-13.898487602103522
-8.039295143414838
0.0
-0.8814713766483735
-1.649677163178506
-2.562296346712607
0.0
0.0
-0.12098377515916947
-0.16913697300135888
0.0
-0.48355700370916926
-0.48355700370916926
-0.48355700370916926
-0.48355700370916926
-1.1421376949426147
0.0
-0.10618428305175337
0.0
0.0
0.0
0.0
0.0
0.0
0.0
0.0
0.0
0.0
-0.252324325750278
-0.3923439679844877
-0.4936377453086873
-0.9060102837996935
0.0
0.0
-0.09818246681649945
-0.6539455940846848
0.0
-0.07665558590813502
0.0
0.0
0.0
-0.41178845227791244
-0.955650270232336
-1.5316993900778435
-2.054479604308675
-2.5983414222630983
-3.154104549531284
-3.59036992353488
-4.128958289965761
-4.484613032945128
-4.979543715084115
-5.460202803240262
-2.76557726312598
0.0
-0.36327180280285176
-0.3539233883825562
-0.6019428181641719
-0.6019428181641719
-0.6019428181641719
-0.6019428181641719
-0.7415725312557231
-1.2637788170771964
-1.8267879313194908
-2.231939352033624
-2.231939352033624
-2.231939352033624
-2.231939352033624
-2.231939352033624
-2.231939352033624
-2.231939352033624
-2.231939352033624
-1.9773297504593024
-1.9773297504593024
-1.9773297504593024
-1.9773297504593024
-1.5719178397110478
-1.5611149191999663
-1.5611149191999663
-1.5611149191999663
-1.5611149191999663
-1.5611149191999663
-1.5611149191999663
-1.5611149191999663
-1.5611149191999663
-1.5611149191999663
-1.5611149191999663
-1.5611149191999663
-1.5611149191999663
-1.5611149191999663
-1.5611149191999663
-1.5611149191999663
-1.5611149191999663
-1.5611149191999663
-1.5611149191999663
-1.5611149191999663
-1.5611149191999663
-1.5611149191999663
-1.5611149191999663
-1.4778063277727302
-1.4778063277727302
-1.4778063277727302
-1.4778063277727302
-1.4778063277727302
-1.4778063277727302
-1.4778063277727302
-1.4778063277727302
-1.4778063277727302
-1.4778063277727302
-1.4778063277727302
-1.4778063277727302
-1.4778063277727302
-1.4778063277727302
-1.4778063277727302
-1.4778063277727302
-1.4778063277727302
-1.4778063277727302
-1.4778063277727302
-1.4778063277727302
-1.4778063277727302
-1.4778063277727302
-1.4778063277727302
-1.4778063277727302
-1.4778063277727302
-1.4778063277727302
-1.4778063277727302
-1.4778063277727302
-1.4778063277727302
-1.4778063277727302
-1.4778063277727302
-1.4778063277727302
-1.4778063277727302
-1.4778063277727302
-1.4778063277727302
-1.4778063277727302
-1.4778063277727302
-1.4778063277727302
-1.4778063277727302
-1.4778063277727302
-1.4778063277727302
-1.4778063277727302
-1.4778063277727302
-1.4778063277727302
-1.4778063277727302
-1.4778063277727302
-1.4778063277727302
-1.4778063277727302
-1.4778063277727302
-1.4778063277727302
-1.4778063277727302
-1.4778063277727302
-1.4778063277727302
-1.4778063277727302
-0.18212230566797438
-0.18212230566797438
-0.15426281236956713
-0.15426281236956713
-0.019688427374760398
-0.019688427374760398
-0.019688427374760398
-0.019688427374760398
-0.019688427374760398
-0.019688427374760398
0.0
0.0
0.0
0.0
0.0
0.0
0.0
0.0
0.0
0.0
0.0
0.0
0.0
0.0
0.0
0.0
0.0
0.0
0.0
0.0
0.0
0.0
0.0
0.0
0.0
0.0
0.0
0.0
0.0
0.0
0.0
0.0
0.0
0.0
0.0
0.0
0.0
0.0
0.0
0.0
0.0
0.0
0.0
0.0
0.0
0.0
0.0
0.0
0.0
0.0
0.0
0.0
0.0
0.0
0.0
0.0
0.0
0.0
0.0
0.0
0.0
0.0
0.0
0.0
0.0
0.0
0.0
0.0
0.0
0.0
0.0
0.0
0.0
0.0
0.0
0.0
0.0
0.0
0.0
0.0
0.0
0.0
0.0
0.0
0.0
0.0
0.0
0.0
0.0
0.0
0.0
0.0
0.0
0.0
0.0
0.0
0.0
0.0
0.0
0.0
0.0
0.0
0.0
0.0
0.0
0.0
0.0
0.0
0.0
0.0
-0.11334505234370784
-0.5545730677921448
-0.2882050935583649
0.0
0.0
0.0
0.0
0.0
0.0
0.0
-0.2754477701752409
0.0
0.0
-0.6471522720149443
-1.0662775585742963
-0.8777445295668718
-1.1678274558126467
-1.2600434894780048
0.0
0.0
0.0
0.0
0.0
0.0
0.0
-1.2408349464730561
-1.213322344906593
0.0
-1.344948088164388
-2.6641828645775396
0.0
0.0
-1.1074344726041851
-1.5377331494977884
-0.007761110109722802
0.0
0.0
0.0
-1.2164496629539805
0.0
-1.3294047472016408
-2.6785868181726493
-4.100817229256397
-2.496733900825749
-4.183575230271892
-6.061529862924265
-5.091375011240491
0.0
0.0
0.0
0.0
-1.391362428580378
-2.847153639258295
-4.534950963981509
-2.473396054103669
-3.8232389279749306
-5.576103977772874
-6.127909092550816
-6.840424674900669
-7.807207097306689
-9.008847003596493
-10.696644328319707
-12.044426453013818
-13.523533803960362
-11.483022705850761
-11.44164176249206
-12.007720170750451
-11.441256119415105
-11.892047991460716
-8.618871953137004
-5.413845400355644
-6.62703197382031
-3.6953400176353823
-4.44553550449466
-3.2117647034687042
-2.464537432937452
-3.6150023909645794
-5.0273971026716895
-6.296621460365802
-7.666274141580529
-9.057427840146438
-5.034669546106455
-5.656112611688123
-7.140952049488037
-0.5395802212898815
0.0
-1.0157745357816514
-1.9832099624128683
-2.360076732714563
-3.707948729191712
-4.029883895476555
-4.563224341628524
-5.6081635057176245
-6.704430029236952
-8.179084443319033
-8.49572760142128
-5.2817213735005275
-2.625543804456261
-2.198381598341003
-1.2016206431195124
-2.175405333771055
-3.2170156526132554
-3.792513403061811
-4.5645236066435695
-5.627725830885942
-3.7068091328392905
-4.407149714294893
-5.448760033137093
-6.335282992189575
-7.086480902683157
-7.669494749480206
-7.802640096642887
-8.418222474480103
-9.125948603852995
-9.436697248385933
-9.86684092993948
-6.31017553921066
-5.483700599551104
-2.989520436742566
-2.6648167358464434
-2.5613952795389103
-2.355438227325393
-1.2930542014814463
-1.2363542993030727
-1.1719820836461794
-0.8804717898086397
-0.3865035908478324
0.0
0.0
0.0
0.0
0.0
0.0
0.0
0.0
0.0
0.0
0.0
-0.06157028792291512
-0.16441846249916514
0.0
0.0
0.0
0.0
0.0
0.0
0.0
0.0
0.0
0.0
0.0
0.0
-0.17136091584214075
-0.17136091584214075
-0.17136091584214075
-0.17136091584214075
-0.17136091584214075
-0.4337852130911147
0.0
0.0
0.0
0.0
0.0
0.0
0.0
0.0
0.0
0.0
0.0
0.0
0.0
0.0
0.0
0.0
0.0
0.0
0.0
0.0
0.0
0.0
0.0
0.0
0.0
0.0
0.0
0.0
0.0
0.0
0.0
0.0
0.0
0.0
0.0
0.0
0.0
0.0
0.0
0.0
0.0
0.0
0.0
0.0
0.0
0.0
0.0
0.0
0.0
0.0
0.0
0.0
0.0
0.0
0.0
0.0
0.0
0.0
0.0
0.0
0.0
0.0
0.0
0.0
0.0
0.0
0.0
0.0
0.0
0.0
0.0
0.0
0.0
0.0
0.0
0.0
0.0
0.0
0.0
0.0
0.0
0.0
0.0
0.0
0.0
0.0
0.0
0.0
0.0
0.0
0.0
0.0
0.0
0.0
0.0
0.0
0.0
0.0
0.0
0.0
0.0
0.0
0.0
0.0
0.0
0.0
0.0
0.0
0.0
0.0
0.0
0.0
0.0
0.0
0.0
0.0
0.0
0.0
0.0
0.0
0.0
0.0
0.0
0.0
0.0
0.0
0.0
0.0
0.0
0.0
0.0
0.0
0.0
0.0
0.0
0.0
0.0
0.0
0.0
0.0
0.0
0.0
0.0
0.0
0.0
0.0
0.0
0.0
0.0
0.0
0.0
0.0
0.0
0.0
0.0
0.0
0.0
0.0
0.0
0.0
0.0
0.0
0.0
0.0
0.0
0.0
0.0
0.0
0.0
0.0
0.0
0.0
0.0
0.0
0.0
0.0
0.0
0.0
0.0
0.0
0.0
0.0
0.0
0.0
0.0
0.0
0.0
0.0
0.0
0.0
0.0
0.0
0.0
0.0
0.0
0.0
0.0
0.0
0.0
0.0
-0.08140968978722501
-0.17588764058332243
0.0
0.0
0.0
0.0
0.0
0.0
0.0
0.0
0.0
0.0
0.0
0.0
0.0
0.0
0.0
-0.3350411461698761
0.0
0.0
0.0
0.0
0.0
0.0
0.0
-0.5616958024989611
-1.809312065040738
-0.24555259545537655
-0.8011808043637186
-1.9748052372825469
-3.2105628848977554
-4.480060704360271
-5.7333707489304455
-3.4837413825065413
-3.1682226930432966
-2.60121524042294
-1.7781473011544089
-2.851371760050804
0.0
-1.553969263889458
-3.3711793701438824
0.0
0.0
0.0
0.0
-0.9547205279459968
-2.1734426091163286
-3.604072070692756
-5.089860360849073
-5.703313302358409
-7.088875348130563
-8.660462200200357
-10.294613088410454
-12.185084982912468
-13.798541214725962
-14.55136603807324
0.0
0.0
-1.4417630887369663
-3.034366164680454
-4.8482847564972475
0.0
0.0
-0.6259441761578637
0.0
-1.5715868520697935
-3.2669128152085682
-1.4104667303279153
0.0
-1.3395250914251433
-2.5712730534819905
-3.910798144907134
-5.432554170879823
-6.9548506793488
-8.715102774345604
-10.610084450741205
-12.542695058408869
-12.66277299008359
-14.44257680008517
-16.12352268647352
-17.93245763010654
-19.65006582878506
-21.468659880780326
-23.23870111933177
-25.066929094164184
-19.924248541174244
-20.20245626112167
-20.914219982745905
-20.215640510234998
-19.422742480145963
-20.59171470376725
-12.744302725503125
-14.28131156238377
-15.829276690631017
-17.67669799838353
-19.367656673616306
-20.977668648746807
-22.678611022666125
-24.226576150913374
-20.341371296793696
-10.872634833930785
-0.8648347074254357
0.0
0.0
-0.1327771937101584
-0.31389730315091746
-0.6356597107659301
-1.232751363547437
-1.738895092499773
-1.625025894286468
-0.0975958536169097
0.0
-0.5147019167040654
0.0
0.0
0.0
-0.3832638944340599
-0.8391911952084428
-1.410446937768751
-2.101749138160705
-2.89827419435449
-3.844381628866767
-4.967677128468552
-6.064663263248729
-7.079338078373013
-0.2554512980094428
-0.6354437530157949
-1.0446002379889574
-1.228661924972605
-1.8114342726871049
-1.337200400205218
-1.5151314559540174
-1.7482538141156525
-1.8367968590552848
-2.339263818951659
0.0
0.0
0.0
0.0
0.0
0.0
0.0
0.0
0.0
0.0
0.0
0.0
0.0
0.0
0.0
0.0
0.0
0.0
0.0
0.0
0.0
0.0
0.0
0.0
0.0
0.0
0.0
0.0
0.0
0.0
0.0
0.0
0.0
0.0
0.0
0.0
0.0
0.0
0.0
0.0
0.0
0.0
0.0
0.0
0.0
0.0
0.0
0.0
0.0
0.0
0.0
0.0
0.0
0.0
0.0
0.0
0.0
0.0
0.0
0.0
0.0
0.0
0.0
0.0
0.0
0.0
0.0
0.0
0.0
0.0
0.0
0.0
0.0
0.0
0.0
0.0
0.0
0.0
0.0
0.0
0.0
0.0
0.0
0.0
0.0
0.0
0.0
0.0
0.0
0.0
0.0
0.0
0.0
0.0
0.0
0.0
0.0
0.0
0.0
0.0
0.0
0.0
0.0
0.0
0.0
0.0
0.0
0.0
0.0
0.0
0.0
0.0
0.0
0.0
0.0
0.0
0.0
0.0
0.0
0.0
0.0
0.0
0.0
0.0
0.0
0.0
0.0
0.0
0.0
0.0
0.0
0.0
0.0
0.0
0.0
0.0
0.0
0.0
0.0
0.0
0.0
0.0
0.0
0.0
0.0
0.0
0.0
0.0
0.0
0.0
0.0
0.0
0.0
0.0
0.0
0.0
0.0
0.0
0.0
0.0
0.0
0.0
0.0
0.0
0.0
0.0
0.0
0.0
0.0
0.0
0.0
0.0
0.0
0.0
0.0
0.0
0.0
0.0
0.0
0.0
0.0
0.0
0.0
0.0
0.0
0.0
0.0
0.0
0.0
0.0
0.0
0.0
0.0
0.0
0.0
0.0
0.0
0.0
0.0
0.0
0.0
0.0
0.0
0.0
0.0
0.0
0.0
0.0
0.0
0.0
0.0
0.0
0.0
0.0
0.0
0.0
0.0
0.0
0.0
0.0
0.0
0.0
0.0
0.0
0.0
0.0
0.0
0.0
0.0
0.0
0.0
0.0
0.0
0.0
0.0
0.0
0.0
0.0
0.0
0.0
0.0
0.0
0.0
0.0
0.0
0.0
0.0
0.0
0.0
0.0
0.0
0.0
0.0
0.0
0.0
0.0
0.0
0.0
0.0
0.0
0.0
0.0
-0.2394331903049281
0.0
0.0
0.0
0.0
0.0
0.0
0.0
0.0
0.0
0.0
0.0
-0.8416900130128189
-0.3636106987721657
0.0
0.0
0.0
0.0
0.0
0.0
0.0
-0.46979311857583456
-1.1198210926241785
-1.6847224281568751
-1.49922349717097
0.0
0.0
0.0
0.0
0.0
-0.9636774185099319
-2.4555179758623367
-3.945737526918179
0.0
-1.4173627982329804
-0.9385759030292348
-2.18864579040112
-3.297039886882634
-4.575129230440238
-5.932986048777089
-7.325966732374189
-8.580785735586888
-9.950646047161081
-11.660396261750757
-12.442700299031003
-13.881215858260212
-15.092290181499672
-15.627986677448735
-14.829495023146725
-16.322339724514457
-17.985037046153003
-17.95237478725043
-11.230490983912485
-11.696283378063457
-11.874086847960136
-13.21010456980455
-14.723700935665283
-16.082944258149485
-17.783666401681053
-19.603639635522157
-15.630714020194388
-8.043948223608556
-9.272032337348744
-10.711973901538727
-11.255332581928078
-6.93102925734084
-6.285511346785487
-7.5340947414082144
-8.690103139130807
-3.4191263093552546
-0.6976464667157716
0.0
-0.8102006617537193
-1.8018640421981922
-2.8205021852184764
-2.88997329937649
-4.321892419251276
-5.480052920905136
-6.496792897453627
-7.677481834542997
-8.70646063360556
-9.52688043325649
-10.543620409804982
-7.148975112944473
-7.529851583829636
0.0
0.0
-0.048499091190854465
-0.516373384043432
-1.0520746035162594
-1.2453713985498482
-2.254546399590385
-3.3102014565169835
-2.9093240677891266
0.0
-0.6195432714843496
-0.8932563946776553
-0.8932563946776553
-1.2669369395634948
-1.745933542009554
-2.0383177314723273
-2.9195782188738093
-2.4787634487047123
-2.951659935356215
-3.6836705175477693
-4.450749606541326
-5.287001088625571
-6.130273024067714
-6.77605325862645
-6.7262725482450625
-5.206244206387042
0.0
0.0
0.0
0.0
0.0
0.0
0.0
0.0
0.0
0.0
0.0
0.0
0.0
-0.06896128986915534
-0.26967073907842226
-0.46982371198177597
0.0
0.0
-0.22024581594455175
0.0
0.0
0.0
0.0
0.0
0.0
0.0
0.0
0.0
0.0
0.0
0.0
0.0
0.0
0.0
0.0
0.0
0.0
0.0
0.0
0.0
0.0
0.0
0.0
0.0
0.0
0.0
0.0
0.0
0.0
0.0
0.0
0.0
0.0
0.0
0.0
0.0
0.0
0.0
0.0
0.0
0.0
0.0
0.0
0.0
0.0
0.0
0.0
0.0
0.0
0.0
0.0
0.0
0.0
0.0
0.0
0.0
0.0
0.0
0.0
0.0
0.0
0.0
0.0
0.0
0.0
0.0
0.0
0.0
0.0
0.0
0.0
0.0
0.0
0.0
0.0
0.0
0.0
0.0
0.0
0.0
0.0
0.0
0.0
0.0
0.0
0.0
0.0
0.0
0.0
0.0
0.0
0.0
0.0
0.0
0.0
0.0
0.0
0.0
0.0
0.0
0.0
0.0
0.0
0.0
0.0
0.0
0.0
0.0
0.0
0.0
0.0
0.0
0.0
0.0
0.0
0.0
0.0
0.0
0.0
0.0
0.0
0.0
0.0
0.0
0.0
0.0
0.0
0.0
0.0
0.0
0.0
0.0
0.0
0.0
0.0
0.0
0.0
0.0
0.0
0.0
0.0
0.0
0.0
0.0
0.0
0.0
0.0
0.0
0.0
0.0
0.0
0.0
0.0
0.0
0.0
0.0
0.0
0.0
0.0
0.0
0.0
0.0
0.0
0.0
0.0
0.0
0.0
0.0
0.0
0.0
0.0
0.0
0.0
0.0
0.0
0.0
0.0
0.0
0.0
0.0
0.0
0.0
0.0
0.0
0.0
0.0
0.0
0.0
-0.023247974778836444
0.0
0.0
0.0
0.0
0.0
0.0
0.0
0.0
0.0
0.0
0.0
0.0
0.0
0.0
0.0
0.0
0.0
0.0
0.0
0.0
0.0
0.0
0.0
0.0
0.0
-0.43462909363881574
-0.15544524627514833
0.0
0.0
0.0
0.0
-0.5894752473310905
-0.5894321337775699
-0.5894321337775699
-0.9568325640567763
0.0
0.0
0.0
0.0
0.0
-0.06888521569128603
-0.5024912232660781
-0.3881632425314563
-0.5428542729711814
-0.9223399107299672
-1.183371828389994
-1.0354559883617307
-0.9068208975201328
-0.41371255254040773
-0.9770628979952476
-2.2775864618351584
-3.738535271247104
-5.204134556058568
0.0
0.0
0.0
-1.2942567389743311
-2.5706186380513607
0.0
0.0
0.0
0.0
-0.5216103331633715
-1.1054663203346435
0.0
0.0
-1.3171716387936776
-3.0275624478620715
-4.560764409348083
-5.6013954386008695
-5.036556423806154
-6.858073556564641
0.0
-1.6698402919675563
-3.2482376372041704
-4.642640291807789
-5.65181887663815
-4.698298296504788
-5.865454057278697
0.0
0.0
-1.4934604647406677
-3.5742956228884193
-5.766926791625229
-7.686763036576448
-4.370606524364961
0.0
0.0
-1.361189944024109
-2.481137411788998
-3.4252541000947403
-4.56282233683128
-5.325433383927893
-5.855475141069062
-6.768365895030815
-8.01502241113214
-2.4042664302016368
-3.6509229463029618
-3.7863685771547693
0.0
0.0
-0.47909168145481146
-1.7865512742442755
0.0
-1.0926444309125536
0.0
0.0
0.0
0.0
-1.042053087243773
-2.165693194953087
-0.6479608187851615
0.0
-1.1678896558598697
-2.6825423135581303
-4.2385647348533055
-6.133527065868016
-7.636466739328998
-8.974787553799606
-8.987046504619714
-9.086425501103333
-10.020140196393978
-11.244788524826323
-12.44801326504188
-13.103550273418525
-7.983663136189896
-8.550759020652347
-4.19769842461742
-5.123482628017832
-5.159814581750209
-6.2492853486872315
-7.463254212709193
-1.9468686010459244
0.0
0.0
0.0
0.0
-0.015211882389639832
-0.3924511151205748
-0.9159049578053673
-1.5968433395910964
-2.269913337743289
-2.440877644504178
-0.6086051593504123
0.0
0.0
0.0
0.0
0.0
0.0
0.0
0.0
0.0
0.0
0.0
0.0
0.0
0.0
0.0
0.0
0.0
0.0
-0.14288917094959108
-0.14288917094959108
-0.14288917094959108
-0.14288917094959108
-0.13663607892147794
0.0
0.0
0.0
-0.10953770012000262
-0.10953770012000262
-0.1772497471398951
-0.0071955837156691405
-0.09775787640882755
-0.30218643920320043
-0.30218643920320043
-0.30218643920320043
-0.23699952131429636
0.0
0.0
0.0
0.0
0.0
0.0
0.0
0.0
0.0
0.0
0.0
0.0
0.0
0.0
0.0
0.0
0.0
0.0
0.0
0.0
0.0
0.0
0.0
0.0
0.0
0.0
0.0
0.0
0.0
0.0
0.0
0.0
0.0
0.0
0.0
0.0
0.0
0.0
0.0
0.0
0.0
0.0
0.0
0.0
0.0
0.0
0.0
0.0
0.0
0.0
0.0
0.0
0.0
0.0
0.0
0.0
0.0
0.0
0.0
0.0
0.0
0.0
0.0
0.0
0.0
0.0
0.0
0.0
0.0
0.0
0.0
0.0
0.0
0.0
0.0
0.0
0.0
0.0
0.0
0.0
0.0
0.0
0.0
0.0
0.0
0.0
0.0
0.0
0.0
0.0
0.0
0.0
0.0
0.0
0.0
0.0
0.0
0.0
0.0
0.0
0.0
0.0
0.0
0.0
0.0
0.0
0.0
0.0
0.0
0.0
0.0
0.0
0.0
0.0
0.0
0.0
0.0
0.0
0.0
0.0
0.0
0.0
0.0
0.0
0.0
0.0
0.0
0.0
0.0
0.0
0.0
0.0
0.0
0.0
0.0
0.0
0.0
0.0
0.0
0.0
0.0
0.0
0.0
0.0
0.0
0.0
0.0
0.0
0.0
0.0
0.0
0.0
0.0
0.0
0.0
0.0
0.0
0.0
0.0
0.0
0.0
0.0
0.0
0.0
0.0
0.0
0.0
0.0
0.0
0.0
0.0
0.0
0.0
0.0
0.0
0.0
0.0
0.0
0.0
0.0
0.0
0.0
0.0
0.0
0.0
0.0
0.0
0.0
0.0
0.0
0.0
0.0
0.0
0.0
0.0
0.0
0.0
0.0
0.0
0.0
0.0
0.0
0.0
0.0
-0.23900100539141095
0.0
0.0
0.0
0.0
0.0
0.0
0.0
0.0
-0.04809495420761971
0.0
-0.28261878076585
-0.5267784529319373
-0.8299889693213056
-1.115469820068889
-1.4061858584153386
-1.2414980539713163
-0.9038858611330844
-0.16894951498860178
0.0
0.0
0.0
0.0
0.0
0.0
0.0
0.0
0.0
0.0
0.0
0.0
0.0
0.0
0.0
0.0
0.0
-0.6660507534718355
-1.1797330894835816
-2.1991531228361336
-1.51223446470598
-2.1232727086064727
0.0
0.0
0.0
0.0
0.0
-1.3476176023528512
-2.712707876281897
-0.5291797691524516
-1.868696386482101
-2.2728647349115985
-4.0910818685269845
-5.792343942632958
-7.461188042147789
-9.183821231528576
-11.110734724742086
-13.18123318987553
-12.155642957788588
-7.932139327092274
-7.072921850637098
-9.008238863342726
-11.061563152181739
0.0
-1.0892715119897514
0.0
0.0
-1.9765382757781653
0.0
0.0
0.0
0.0
-0.7341707808701498
-1.7737459980323163
-1.539662642080041
-1.8359777360697762
-2.831822666242271
0.0
0.0
0.0
0.0
0.0
0.0
-0.3182428208041532
0.0
0.0
0.0
-0.8100699137951863
0.0
-1.084014891365603
-2.3279760868427744
-3.6280247253205413
0.0
-0.5787336600877668
0.0
-0.36996025878486355
0.0
-0.04466343906467693
-0.32513373009714375
-1.0558521942875352
-1.7210868212923283
-2.65799956199708
-3.6943761482937876
-5.264667495610013
-6.848426416834152
-7.38257994643555
-4.309437075554195
-5.718938911502412
-6.479532255106999
-7.320296324265289
-8.309584896369111
-9.137300109930804
-10.184768689583247
-10.57724293888091
0.0
0.0
-0.5717391436093556
-1.2335391196396246
-2.3058259544255586
-3.2592457370124364
-4.151087730563418
-5.160225553841009
-6.201673276166972
-7.243120998492936
-8.384467626855281
-9.393605450132872
-10.285447443683854
-11.046040787288442
-11.937882780839423
-10.949223252962097
-10.279560553624606
-10.90258481802489
-8.48562093272217
0.0
-0.10335017101687255
-0.10335017101687255
-0.10335017101687255
-0.11210831690581691
-0.18825598976953067
-0.4575113854917984
-0.750591176088651
-1.084088503167097
-1.6170100661248061
-1.5719471323467133
-1.7002853681379897
-1.7002853681379897
-1.7002853681379897
-1.7002853681379897
-1.757766455368868
-1.7379834255329918
-1.841069007624694
-2.0191075345976506
-0.730634651655441
0.0
-0.18175387295694087
-0.5599973198788598
-0.9489655892945803
-0.9949557620413477
0.0
-0.19912004126109248
-0.19912004126109248
-0.31704378710177794
-0.31704378710177794
-0.31704378710177794
-0.31704378710177794
-0.31347154896267837
-0.2889414966356816
-0.2889414966356816
-0.2889414966356816
-0.27613099843321953
-0.27613099843321953
-0.27613099843321953
-0.23998120936037048
-0.23998120936037048
-0.28403039267021246
-0.28403039267021246
-0.28403039267021246
-0.38926965526550067
-0.3641449829366798
-0.33278944740773564
-0.1755689149714198
-0.1755689149714198
-0.1755689149714198
-0.1755689149714198
-0.1755689149714198
0.0
0.0
0.0
0.0
0.0
0.0
0.0
0.0
0.0
0.0
0.0
0.0
0.0
0.0
0.0
0.0
0.0
0.0
0.0
0.0
0.0
0.0
0.0
0.0
0.0
0.0
0.0
0.0
0.0
0.0
0.0
0.0
0.0
0.0
0.0
0.0
0.0
0.0
0.0
0.0
0.0
0.0
0.0
0.0
0.0
0.0
0.0
0.0
0.0
0.0
0.0
0.0
0.0
0.0
0.0
0.0
0.0
0.0
0.0
0.0
0.0
0.0
0.0
0.0
0.0
0.0
0.0
0.0
0.0
0.0
0.0
0.0
0.0
0.0
0.0
0.0
0.0
0.0
0.0
0.0
0.0
0.0
0.0
0.0
0.0
0.0
0.0
0.0
0.0
0.0
0.0
0.0
0.0
0.0
0.0
0.0
0.0
0.0
0.0
0.0
0.0
0.0
0.0
0.0
0.0
0.0
0.0
0.0
0.0
0.0
0.0
0.0
0.0
0.0
0.0
0.0
0.0
0.0
0.0
0.0
0.0
0.0
0.0
0.0
0.0
0.0
0.0
0.0
0.0
0.0
0.0
0.0
0.0
0.0
0.0
0.0
0.0
0.0
0.0
0.0
0.0
0.0
0.0
0.0
0.0
0.0
0.0
0.0
0.0
0.0
0.0
0.0
0.0
0.0
0.0
0.0
0.0
0.0
-0.07646285594844915
0.0
0.0
0.0
-0.18459120582323935
0.0
0.0
0.0
0.0
0.0
0.0
0.0
0.0
0.0
0.0
0.0
-0.3341249084844193
-0.6215098310986877
-0.36809492304788227
0.0
0.0
-0.1538267860325011
-0.13491889340440255
-0.03518019709846998
0.0
0.0
0.0
0.0
-0.11055525033461497
0.0
0.0
0.0
-0.1965532309712028
0.0
-0.11073203908294094
-0.36504736439493957
-1.1462710313036903
-0.3931556982452632
0.0
-0.0755765511654074
0.0
0.0
-0.25523000770125603
0.0
0.0
0.0
-1.3555732881873455
0.0
-1.4983270532362478
0.0
0.0
0.0
0.0
-1.5170208404010577
-2.2963787936718347
0.0
0.0
-0.4196887804355899
0.0
-1.4743163290219983
0.0
0.0
0.0
0.0
-0.2518150207537033
-0.6050506318603193
-0.8061654202734254
0.0
0.0
0.0
-0.21089402697142684
-1.1413668522194436
-2.5603711113088754
-4.451148282873762
-6.499286796272694
-8.537854774633587
-10.64273581763761
-12.866827557930694
-14.980400117006988
-17.012909315578217
-19.045418514149446
-19.90170105741549
-21.583451966345795
-20.533764519771932
-22.127174632790194
-23.845926251720535
-23.416438533558495
-22.14659344527303
-12.352485537714768
-13.984108252620302
-14.868552759227313
-15.950364113512627
-10.238984094169755
-8.875034188404163
-10.11453850917805
-11.47157973533897
-12.947491980834299
-10.300668382929258
0.0
-1.4378188567954813
-2.7202785546958372
-3.4690944064062377
-4.248840405689507
-5.3743420225212954
-4.425342308621149
-5.935740361155136
-7.6858087225774705
-1.5006683633196722
-0.7242380476886442
0.0
0.0
0.0
0.0
0.0
-0.9865300531048539
-2.1199685708420843
-3.546237174228022
-4.83864931392086
0.0
0.0
0.0
-0.8352693930973969
-1.761756305434119
-2.6107046164285372
0.0
0.0
0.0
0.0
0.0
0.0
-0.47606308491927934
0.0
-0.41644774044129307
-0.974356091211909
-1.6072659144907315
-2.4870643780887383
-3.4469259816228845
-4.549693120554758
-4.59089739120382
0.0
0.0
0.0
-0.30715294336491966
-1.0641088297140224
-1.8862638119017099
-2.7871108513415015
-3.7483215831038112
0.0
0.0
0.0
0.0
0.0
0.0
0.0
0.0
0.0
0.0
0.0
-0.16077199831670838
-0.32154399663341676
-0.32154399663341676
-0.6175907926970399
-0.6175907926970399
-1.0454353676029102
-1.2208746796134549
-1.2208746796134549
-1.2208746796134549
-1.4683930430509715
-1.6156300945867705
-1.6124370940065023
-1.607911301515157
-1.607911301515157
-1.607911301515157
-1.607911301515157
-1.5551600203776845
-1.5538204310755221
-1.550947551681403
-1.4884258877897598
0.0
0.0
0.0
0.0
0.0
0.0
0.0
0.0
0.0
0.0
0.0
0.0
0.0
0.0
0.0
0.0
0.0
0.0
0.0
0.0
0.0
0.0
0.0
0.0
0.0
0.0
0.0
0.0
0.0
0.0
0.0
0.0
0.0
0.0
0.0
0.0
0.0
0.0
0.0
0.0
0.0
0.0
0.0
0.0
0.0
0.0
0.0
0.0
0.0
0.0
0.0
0.0
0.0
0.0
0.0
0.0
0.0
0.0
0.0
0.0
0.0
0.0
0.0
0.0
0.0
0.0
0.0
0.0
0.0
0.0
0.0
0.0
0.0
0.0
0.0
0.0
0.0
0.0
0.0
0.0
0.0
0.0
0.0
0.0
0.0
0.0
0.0
0.0
0.0
0.0
0.0
0.0
0.0
0.0
0.0
0.0
0.0
0.0
0.0
0.0
0.0
0.0
0.0
0.0
0.0
0.0
0.0
0.0
0.0
0.0
0.0
0.0
0.0
0.0
0.0
0.0
0.0
0.0
0.0
0.0
0.0
0.0
0.0
0.0
0.0
0.0
0.0
0.0
0.0
0.0
0.0
0.0
0.0
0.0
0.0
0.0
0.0
0.0
0.0
0.0
0.0
0.0
0.0
0.0
0.0
0.0
0.0
0.0
0.0
0.0
0.0
0.0
0.0
0.0
0.0
0.0
0.0
0.0
0.0
0.0
0.0
0.0
0.0
0.0
0.0
0.0
0.0
0.0
0.0
0.0
0.0
0.0
0.0
0.0
0.0
0.0
0.0
0.0
0.0
0.0
0.0
0.0
0.0
0.0
0.0
0.0
0.0
0.0
0.0
0.0
0.0
0.0
0.0
0.0
0.0
0.0
0.0
0.0
0.0
0.0
0.0
0.0
0.0
0.0
0.0
0.0
0.0
0.0
0.0
0.0
0.0
0.0
0.0
0.0
0.0
0.0
0.0
0.0
0.0
0.0
0.0
0.0
0.0
0.0
0.0
-0.08012299747490981
0.0
-0.3666101849793246
0.0
0.0
0.0
-0.012699235635170154
-0.02473679529753335
0.0
0.0
-0.39793000137027046
-0.3230742405857303
0.0
-0.1424837690427836
-0.7934755638806619
0.0
0.0
-1.4261751951336707
0.0
-0.06768647681564255
-1.4207075829679474
0.0
-1.1030203822285387
-0.15391937878498174
0.0
0.0
-1.748027775318343
-3.4854784232251124
0.0
0.0
-1.1133324529474968
-2.3654149049099384
-3.61869018267548
0.0
0.0
0.0
0.0
-1.3325464736669257
-2.9280364685008413
0.0
0.0
0.0
0.0
-0.8321999960599411
-1.2449708813124212
-2.200849447825102
-3.764365023131508
-5.43704496425166
-3.011731690106968
-2.6293668985706766
-2.881410193693739
0.0
0.0
-0.030211227200202417
0.0
-0.9975477228389422
-2.792902131568287
-4.578098584591791
-6.280759541494496
-1.078852904002943
0.0
0.0
-1.3081745852218747
-2.5155545520705624
-4.165410291728225
-5.815266031385888
-7.569781141850345
-5.714718084388169
0.0
-0.6621910113856334
-1.2733664498890667
-2.6387272031214595
-4.168713215135533
-0.9460341294574173
-2.585208866724336
-4.319092429176342
0.0
-1.1692636884970458
-2.3108448954926435
-3.7500437014424044
-5.223667038714732
-6.674380080108945
-8.270411485899045
-9.778003899112385
-3.106770792869284
0.0
-1.1904155641458092
-0.8501067796970067
-1.8156846644764721
-2.9689133264883294
-4.502346582762609
0.0
-0.8790166013245396
-1.9970437370438718
0.0
-0.2904654585939639
0.0
0.0
-0.1297595255262638
-0.3727705052587136
-0.3727705052587136
-0.3727705052587136
-0.3727705052587136
-1.144514114977937
-1.163095079912098
-1.163095079912098
-1.1437977637847754
-0.985762343097358
-0.959308345422
-1.023488782310614
-1.023488782310614
-1.023488782310614
-1.023488782310614
-1.023488782310614
-1.06901614103953
-1.2671273419183222
0.0
0.0
0.0
0.0
0.0
0.0
0.0
0.0
0.0
0.0
0.0
-0.2116934796454955
0.0
0.0
0.0
-0.13759580983693018
-0.13759580983693018
-0.13759580983693018
-0.13759580983693018
-0.21435760932992368
-0.46605177532863695
-0.46304633219447777
-0.6109907747206809
-0.6109907747206809
-0.6109907747206809
-0.6109907747206809
0.0
0.0
0.0
0.0
0.0
0.0
0.0
0.0
0.0
0.0
0.0
0.0
0.0
0.0
0.0
0.0
0.0
0.0
0.0
0.0
0.0
0.0
0.0
0.0
0.0
0.0
0.0
0.0
0.0
0.0
0.0
0.0
0.0
0.0
0.0
0.0
0.0
0.0
0.0
0.0
0.0
0.0
0.0
0.0
0.0
0.0
0.0
0.0
0.0
0.0
0.0
0.0
0.0
0.0
0.0
0.0
0.0
0.0
0.0
0.0
0.0
0.0
0.0
0.0
0.0
0.0
0.0
0.0
0.0
0.0
0.0
0.0
0.0
0.0
0.0
0.0
0.0
0.0
0.0
0.0
0.0
0.0
0.0
0.0
0.0
0.0
0.0
0.0
0.0
0.0
0.0
0.0
0.0
0.0
0.0
0.0
0.0
0.0
0.0
0.0
0.0
0.0
0.0
0.0
0.0
0.0
0.0
0.0
0.0
0.0
0.0
0.0
0.0
0.0
0.0
0.0
0.0
0.0
0.0
0.0
0.0
0.0
0.0
0.0
0.0
0.0
0.0
0.0
0.0
0.0
0.0
0.0
0.0
0.0
0.0
0.0
0.0
0.0
0.0
0.0
0.0
0.0
0.0
0.0
0.0
0.0
0.0
0.0
0.0
0.0
0.0
0.0
0.0
0.0
0.0
0.0
0.0
0.0
0.0
0.0
0.0
0.0
0.0
0.0
0.0
0.0
0.0
0.0
0.0
0.0
0.0
0.0
0.0
0.0
0.0
0.0
0.0
0.0
0.0
0.0
0.0
0.0
0.0
0.0
0.0
0.0
0.0
0.0
0.0
0.0
0.0
0.0
0.0
0.0
0.0
0.0
0.0
0.0
0.0
0.0
0.0
0.0
0.0
0.0
0.0
0.0
0.0
0.0
0.0
0.0
0.0
0.0
-0.11357459617840848
0.0
-0.1037822813368724
0.0
-0.02634318358887988
0.0
0.0
0.0
0.0
0.0
0.0
0.0
0.0
0.0
0.0
0.0
0.0
0.0
0.0
0.0
0.0
0.0
0.0
-0.1674035360473367
-0.7243228734189767
-0.7559743366021616
-0.9425881458031649
0.0
0.0
0.0
-0.011316986218527614
0.0
0.0
0.0
-0.18698668782498773
0.0
-0.10293947305089146
0.0
0.0
0.0
0.0
-1.070498592326178
0.0
-0.8822954946452882
-1.763317024736478
-2.6153628325509493
-3.7621233313806615
-5.075677365630364
-4.152119522463409
0.0
0.0
0.0
-0.936204237828342
-2.1690193748055346
-3.448837472941955
-0.10092079256260966
-1.4326477280527827
0.0
-1.2008653834164884
-2.3646363515312636
-0.8739593038048246
-1.8301587381680877
-3.6877430770282063
-3.732280169014838
-2.9900546521019304
-4.513140387900204
-1.0219145462309664
0.0
-1.1857903252705682
-2.5254141708034554
-4.013610696399957
-5.107936208124273
-4.357707943701661
0.0
-0.5180574645452903
-2.090787120753442
-3.55976091725135
-2.498688631926755
-4.1165926066666545
-5.754176308854371
-6.383999653961977
-7.563048624162738
-9.461458146539297
-11.301858749554615
-13.171386102164556
-10.891132025280829
-4.658985618345076
-5.871983938962619
-7.373111796814232
-8.484586477635158
-9.559106901459977
-11.280384632184102
-9.789934122168168
-6.5885406704386575
-7.40695528138053
-8.582554608555046
-9.90246704466518
-0.5936236872548317
0.0
0.0
-0.5803205651422193
-1.0965154289736576
-1.7044058178937105
-2.515033356350635
-3.2744735148277293
-1.4418555525888124
-2.172642003587728
-3.0867415286188273
0.0
0.0
0.0
0.0
0.0
0.0
0.0
-0.758704524563941
-1.660672722171505
-2.523077242128515
-3.4902931770983256
-4.472858580216689
-4.09059426614002
-5.153954398619645
-6.148445948983391
-6.971602557991257
-7.8798127201451535
-8.739966353098325
-9.554129193166458
-10.186856352014955
-10.646028747448641
-11.105201142882327
-11.508215516065667
-12.239988424412848
-13.15674920823083
-14.089383919848633
-11.328850299319765
-10.723746321992797
-7.929879953753415
-7.154303477009665
-7.11963774329693
-7.11963774329693
-7.11963774329693
-7.107802498450142
-7.107802498450142
-7.107802498450142
-7.107802498450142
-7.107802498450142
-7.058546590326971
-5.502256706732784
-5.368359458436456
-5.011731284194965
-4.9418018714065965
-4.8718724586182285
-4.8718724586182285
-4.8718724586182285
-4.4540695725231245
-4.4540695725231245
-4.4540695725231245
-4.454069459901243
-4.108397294016948
-4.108397294016948
-4.108397294016948
-4.108397294016948
-4.108397294016948
-4.108397294016948
-4.108397294016948
-4.108397294016948
-4.021374736003125
-4.021374736003125
-4.021374736003125
-4.021374736003125
-3.9833635695870364
-3.882776416150618
-2.897372041363755
-2.8967010903699792
-2.720541801967484
-2.720541801967484
-2.720541801967484
-2.720541801967484
-2.720541801967484
-2.548902492922632
-2.104194716414065
-2.104194716414065
-2.0879104036448064
-2.0300167646683773
-2.0300167646683773
-2.0300167646683773
-0.9745272372582607
-0.9745272372582607
-0.9745272372582607
-0.9745272372582607
-0.9745272372582607
-0.9745272372582607
-0.9745272372582607
-0.9745272372582607
-0.9745272372582607
-0.9745272372582607
-0.9745272372582607
-0.9745272372582607
-0.9745272372582607
-0.9745272372582607
-0.9745272372582607
-0.9745272372582607
-0.9745272372582607
-0.9745272372582607
-0.9745272372582607
-0.9745272372582607
-0.9745272372582607
-0.9745272372582607
-0.9745272372582607
-0.9745272372582607
-0.37394941645169455
0.0
0.0
0.0
0.0
0.0
0.0
0.0
0.0
0.0
0.0
0.0
0.0
0.0
0.0
0.0
0.0
0.0
0.0
0.0
0.0
0.0
0.0
0.0
0.0
0.0
0.0
0.0
0.0
0.0
0.0
0.0
0.0
0.0
0.0
0.0
0.0
0.0
0.0
0.0
0.0
0.0
0.0
0.0
0.0
0.0
0.0
0.0
0.0
0.0
0.0
0.0
0.0
0.0
0.0
0.0
0.0
0.0
0.0
0.0
0.0
0.0
0.0
0.0
0.0
0.0
0.0
0.0
0.0
0.0
0.0
0.0
0.0
0.0
0.0
0.0
0.0
0.0
0.0
0.0
0.0
0.0
0.0
0.0
0.0
0.0
0.0
0.0
0.0
0.0
0.0
0.0
0.0
0.0
0.0
0.0
0.0
0.0
0.0
0.0
0.0
0.0
0.0
0.0
0.0
0.0
0.0
0.0
0.0
0.0
0.0
0.0
0.0
0.0
0.0
0.0
0.0
0.0
0.0
0.0
0.0
0.0
0.0
0.0
0.0
0.0
0.0
0.0
0.0
0.0
0.0
0.0
0.0
0.0
0.0
0.0
0.0
0.0
0.0
0.0
0.0
0.0
0.0
0.0
0.0
0.0
0.0
0.0
0.0
0.0
0.0
0.0
0.0
0.0
0.0
0.0
0.0
0.0
0.0
0.0
0.0
0.0
0.0
0.0
0.0
0.0
0.0
0.0
0.0
0.0
0.0
0.0
0.0
0.0
0.0
0.0
0.0
0.0
0.0
0.0
0.0
0.0
0.0
0.0
0.0
0.0
0.0
0.0
0.0
0.0
0.0
0.0
0.0
0.0
0.0
0.0
0.0
0.0
0.0
0.0
0.0
0.0
0.0
0.0
0.0
0.0
0.0
0.0
0.0
0.0
0.0
0.0
0.0
0.0
0.0
0.0
0.0
0.0
0.0
0.0
0.0
0.0
0.0
0.0
0.0
0.0
0.0
0.0
0.0
0.0
0.0
0.0
0.0
0.0
0.0
0.0
0.0
0.0
0.0
0.0
0.0
0.0
0.0
0.0
0.0
0.0
0.0
0.0
0.0
0.0
0.0
0.0
0.0
0.0
0.0
0.0
0.0
0.0
0.0
0.0
0.0
0.0
0.0
0.0
0.0
0.0
0.0
0.0
0.0
0.0
0.0
0.0
0.0
0.0
0.0
0.0
0.0
0.0
0.0
0.0
0.0
0.0
0.0
0.0
0.0
0.0
0.0
0.0
0.0
0.0
0.0
0.0
0.0
0.0
0.0
0.0
0.0
0.0
0.0
0.0
0.0
0.0
0.0
0.0
0.0
0.0
0.0
0.0
0.0
0.0
0.0
0.0
0.0
0.0
0.0
0.0
0.0
0.0
0.0
0.0
0.0
0.0
0.0
0.0
0.0
0.0
0.0
0.0
0.0
0.0
0.0
0.0
0.0
0.0
0.0
0.0
0.0
0.0
0.0
0.0
0.0
0.0
0.0
0.0
0.0
0.0
0.0
0.0
0.0
0.0
0.0
0.0
0.0
0.0
0.0
0.0
0.0
0.0
0.0
0.0
0.0
0.0
0.0
0.0
0.0
0.0
0.0
0.0
0.0
0.0
0.0
0.0
0.0
