year,srdef_max
1984.0,-15.780913858782656
1985.0,-16.617365773732335
1986.0,-23.770781455260472
1987.0,-22.326458982666455
1988.0,-14.763168526614033
1989.0,-13.207579291292545
1990.0,-22.876452053282506
1991.0,-18.07785328530752
1992.0,-17.966708523224668
1993.0,-9.356782466801981
1994.0,-7.0695361450042125
1995.0,-13.213236655371752
1996.0,-19.487022482395744
1997.0,-10.275037034085221
1998.0,-10.630087023619533
1999.0,-9.16220858139782
2000.0,-10.296776701106387
2001.0,-7.626145441387992
2002.0,-12.917713034924047
2003.0,-19.943447025710928
2004.0,-10.757684455852496
2005.0,-8.185152733317791
2006.0,-11.246371128356909
2007.0,-17.597308142973443
2008.0,-11.646894746920886
2009.0,-11.39819425871373
