year,srdef_max
1984.0,-20.648173288787877
1985.0,-25.74735299309494
1986.0,-19.92727573329276
1987.0,-21.214902321311296
1988.0,-6.642467438804702
1989.0,-12.001746398154864
1990.0,-33.71545410635407
1991.0,-30.151458249607558
1992.0,-18.1593827030949
1993.0,-13.81793475323343
1994.0,-14.355679835785697
1995.0,-23.710052251822596
1996.0,-16.587985587255297
1997.0,-14.369047486546705
1998.0,-16.878698821842793
1999.0,-12.853655346084965
2000.0,-15.366026909114124
2001.0,-13.898487602103522
2002.0,-13.523533803960362
2003.0,-25.066929094164184
2004.0,-19.603639635522157
2005.0,-13.103550273418525
2006.0,-13.18123318987553
2007.0,-23.845926251720535
2008.0,-9.778003899112385
2009.0,-14.089383919848633
