0.0
0.0
0.0
0.0
0.0
0.0
0.0
0.0
0.0
0.0
0.0
0.0
0.0
0.0
0.0
0.0
0.0
0.0
0.0
0.0
0.0
0.0
0.0
0.0
0.0
0.0
0.0
0.0
0.0
0.0
0.0
0.0
0.0
0.0
0.0
0.0
0.0
0.0
0.0
0.0
0.0
0.0
0.0
0.0
0.0
0.0
0.0
0.0
0.0
0.0
0.0
0.0
0.0
0.0
0.0
0.0
0.0
0.0
0.0
0.0
0.0
0.0
0.0
0.0
0.0
0.0
0.0
0.0
0.0
0.0
0.0
0.0
0.0
0.0
0.0
0.0
0.0
0.0
0.0
0.0
0.0
0.0
0.0
0.0
0.0
0.0
0.0
0.0
0.0
0.0
0.0
0.0
0.0
0.0
0.0
0.0
0.0
0.0
0.0
0.0
0.0
0.0
0.0
0.0
0.0
0.0
0.0
0.0
0.0
0.0
0.0
0.0
0.0
0.0
0.0
0.0
0.0
0.0
0.0
0.0
0.0
0.0
0.0
0.0
0.0
0.0
0.0
0.0
-0.049264269644858596
-0.13871274097595482
0.0
0.0
0.0
0.0
0.0
0.0
0.0
0.0
0.0
0.0
0.0
0.0
0.0
0.0
0.0
0.0
0.0
0.0
0.0
0.0
-0.8073430182857592
-0.6476188173647698
-0.20100006301427775
0.0
0.0
0.0
0.0
0.0
0.0
-0.7536332228964165
-1.957448835518195
-0.3609350172277501
-1.5880455071410298
-2.3496240655333183
-2.8212176597658996
-3.419442904732109
-2.2978452361592048
0.0
0.0
-0.35110586151732753
-1.7201566848995018
-3.0892075082816763
-4.5125997942346805
-5.828552073536509
-7.15406472115661
-8.812286490035891
-10.042154450061808
-11.680813068463598
-10.564498377743314
-11.371027473616747
-11.972023798030943
-13.164560866978661
-14.436873200769927
-9.089873615148365
-8.943114607385699
-9.988927264607398
-10.195614146596334
-1.3260398779400315
-2.4107326353690017
0.0
-1.591092098896781
0.0
0.0
0.0
0.0
0.0
0.0
0.0
-0.6697301139660558
-2.3265956266079066
-3.191429855723219
0.0
0.0
-0.5345687714370979
-0.7235355713880602
-1.727409877947104
-3.207011001274486
-4.842272018488783
-3.847304127368031
0.0
0.0
0.0
-1.1119145590157518
0.0
-0.7295692706770684
-2.1459833531722587
-1.7561067855119394
-1.833071705599381
-3.3038127164719366
-4.872275892868988
-3.450187085524295
-4.1096999162023495
-4.486828772548102
0.0
0.0
-1.1080884962808866
-2.3506586643690293
-3.5932288324571715
-5.113239535161952
-5.4180796708419185
-6.976915211567084
-8.338466990112028
-8.668370948244496
-9.44356338203374
-8.617709154228937
-9.976885241283773
-11.48710911196011
-13.026595898078185
-12.818417261818709
-13.398385184697355
-3.074615395346399
-4.049660260238413
-3.408380499539608
-4.548254132607072
-5.621799205345876
-6.730118019311387
-8.074984585847467
-9.006186863057975
-10.22841544049924
-11.423527124969883
-12.506688046223626
-13.655865863804154
-14.578514964697586
-15.65206003743639
-16.435455832829653
-17.593897633666742
-18.798083909560038
-20.159990543469892
-21.37321558217461
-22.760475872521468
-23.937328313125494
-25.15055335183021
-22.65374875855847
-16.7910830981437
-15.14427969472201
-13.475176367543833
-10.418990295171596
0.0
0.0
0.0
0.0
0.0
-0.5076201853060947
-0.8469371049810004
-1.4356887745833589
-2.1038819260612014
-2.774350241317066
-3.5181892973277598
-4.363552336091785
-4.7782822167167245
-5.3154476152242855
-6.17552641492975
-7.0909596460466044
-8.074445958449584
-8.774568385748317
0.0
-0.13473464783715505
0.0
0.0
0.0
0.0
0.0
0.0
0.0
0.0
0.0
0.0
0.0
0.0
0.0
0.0
0.0
0.0
0.0
0.0
-0.03074160891401161
0.0
0.0
0.0
0.0
0.0
0.0
0.0
0.0
0.0
-0.10430755385541515
-0.2210667040682228
0.0
0.0
0.0
0.0
0.0
0.0
0.0
0.0
0.0
0.0
0.0
0.0
0.0
0.0
0.0
0.0
0.0
0.0
0.0
0.0
0.0
0.0
0.0
0.0
0.0
0.0
0.0
0.0
0.0
0.0
0.0
0.0
0.0
0.0
0.0
0.0
0.0
0.0
0.0
0.0
0.0
0.0
0.0
0.0
0.0
0.0
0.0
0.0
0.0
0.0
0.0
0.0
0.0
0.0
0.0
0.0
0.0
0.0
0.0
0.0
0.0
0.0
0.0
0.0
0.0
0.0
0.0
0.0
0.0
0.0
0.0
0.0
0.0
0.0
0.0
0.0
0.0
0.0
0.0
0.0
0.0
0.0
0.0
0.0
0.0
0.0
0.0
0.0
0.0
0.0
0.0
0.0
0.0
0.0
0.0
0.0
0.0
0.0
0.0
0.0
0.0
0.0
0.0
0.0
0.0
0.0
0.0
0.0
0.0
0.0
0.0
0.0
0.0
0.0
0.0
0.0
0.0
0.0
0.0
0.0
0.0
0.0
0.0
0.0
0.0
0.0
0.0
0.0
0.0
0.0
0.0
0.0
0.0
0.0
0.0
0.0
0.0
0.0
0.0
0.0
0.0
0.0
0.0
0.0
0.0
0.0
0.0
0.0
0.0
0.0
0.0
0.0
0.0
0.0
0.0
0.0
0.0
0.0
0.0
0.0
0.0
0.0
0.0
0.0
0.0
0.0
0.0
0.0
0.0
0.0
0.0
0.0
0.0
0.0
0.0
0.0
0.0
0.0
-0.07612519148163133
0.0
0.0
0.0
-0.06886027329238688
-0.2794152017430348
-0.20739457820938967
0.0
-0.15203889584779834
-0.3749413973905587
-0.09424028009875968
0.0
0.0
0.0
0.0
0.0
0.0
0.0
0.0
-0.08859007739593461
0.0
-0.26970551749152993
0.0
0.0
0.0
0.0
-0.5197483549161547
-0.9286772955455819
-0.48321418105213954
-0.9064404824232628
-0.46574947440486103
-0.353584090766225
-0.333717926223725
0.0
0.0
0.0
0.0
0.0
-1.1578951869038314
-1.267703687754158
-2.3303542426956203
-3.4694088460337467
-4.5324305834693375
-3.6922870473429503
-4.60703278137304
-5.188277436210513
0.0
-0.21539784322673428
0.0
-1.1145974137666528
0.0
0.0
-1.0809806647483788
0.0
-1.4324526585971056
-0.9328289311218928
-2.4247847904863375
0.0
0.0
-0.8847998723112639
0.0
-0.29161738108088375
0.0
0.0
-0.640062009921702
-1.7080873186193
0.0
0.0
0.0
0.0
0.0
-1.6256476285986996
-3.185297634379397
-4.78285852388624
-6.509128848949708
-5.901397800491466
-7.314330675369259
-6.792344576734261
-8.097515732451662
-9.569795623852649
-11.288274115826368
-12.618352395388547
-4.2237982015778925
-2.237143451494755
0.0
-0.7855653198028271
-1.7223968775834855
0.0
-1.3015848787005955
-2.570274144659933
0.0
-1.3935140450023302
-3.083715740827622
-4.961121651044838
-6.320522579874021
-8.019862063123517
-9.800400133775716
-11.536055356545168
-13.325504018297227
-12.371067610083205
-10.688029037925876
-11.835029766599808
-8.414585255880448
-9.498251720637287
-9.57437313760393
-3.406861579343234
-4.5177259998665775
-5.8502967372601065
-3.865324579089808
-3.872079299459567
-4.882095852552533
-6.173271473985029
-7.761311393074677
-8.972198763216173
-8.758413123757963
-10.050003784968164
-11.203598250523013
-12.273922077632854
-13.207426463356013
-14.586776697959634
-15.84701497996539
-17.03667440574553
-12.889355315295196
-9.132709081677357
-9.959319922016027
-11.148979347796168
-12.329673344753688
-13.492335448435965
-14.581451352234625
-15.377379118638656
-16.22746170131532
-17.325884276410207
-18.559886824865227
-19.70437835610622
-21.033318850246335
-22.222978276026474
-23.22611941644893
-24.343083471243595
-25.422823971771837
-26.511939875570498
-27.193868345922336
-27.860049057791947
-28.063134784514006
-28.231894720009127
-28.50379483690863
-28.262340863485882
-9.520920737737576
-9.217807726466907
-9.217807726466907
-9.092512023005266
-8.024970612917825
-7.341929184131283
-7.208543165755056
-7.205474229962272
-6.356853415191637
-5.479283218938159
-1.968954354299786
-2.4579484036772037
-2.765112892714472
-3.0677607651714776
-3.6755295479884924
-4.310424527456736
-4.9091208609986685
-5.2963071097878025
-4.301728628389339
-4.083607985831396
-4.372422114745271
-4.785182888442332
-4.452118233835107
-3.556620503739114
-3.407562752912593
0.0
0.0
0.0
0.0
0.0
0.0
0.0
0.0
0.0
0.0
0.0
0.0
0.0
0.0
0.0
0.0
0.0
0.0
-0.14612741498696763
0.0
0.0
0.0
0.0
0.0
0.0
0.0
0.0
0.0
0.0
0.0
0.0
0.0
0.0
0.0
0.0
0.0
0.0
0.0
0.0
0.0
0.0
0.0
0.0
0.0
0.0
0.0
0.0
0.0
0.0
0.0
0.0
0.0
0.0
0.0
0.0
0.0
0.0
0.0
0.0
0.0
0.0
0.0
0.0
0.0
0.0
0.0
0.0
0.0
0.0
0.0
0.0
0.0
0.0
0.0
0.0
0.0
0.0
0.0
0.0
0.0
0.0
0.0
0.0
0.0
0.0
0.0
0.0
0.0
0.0
0.0
0.0
0.0
0.0
0.0
0.0
0.0
0.0
0.0
0.0
0.0
0.0
0.0
0.0
0.0
0.0
0.0
0.0
0.0
0.0
0.0
0.0
0.0
0.0
0.0
0.0
0.0
0.0
0.0
0.0
0.0
0.0
0.0
0.0
0.0
0.0
0.0
0.0
0.0
0.0
0.0
0.0
0.0
0.0
0.0
0.0
0.0
0.0
0.0
0.0
0.0
0.0
0.0
0.0
0.0
0.0
0.0
0.0
0.0
0.0
0.0
0.0
0.0
0.0
0.0
0.0
0.0
0.0
0.0
0.0
0.0
0.0
0.0
0.0
0.0
0.0
0.0
0.0
0.0
0.0
0.0
0.0
0.0
0.0
0.0
0.0
0.0
0.0
0.0
0.0
0.0
0.0
0.0
0.0
0.0
0.0
0.0
0.0
0.0
0.0
0.0
0.0
0.0
0.0
0.0
-0.21214215102662637
-0.0031695664058863926
0.0
0.0
0.0
0.0
0.0
-0.19317766533123137
0.0
-0.048567514846121984
-0.7345454318923611
-0.7121380463506956
0.0
0.0
0.0
0.0
0.0
0.0
0.0
0.0
0.0
0.0
0.0
-1.0865202518672665
-2.277265018170027
-3.238128763318172
-4.214046110194598
-3.082342123390834
-1.3172159190294397
0.0
-0.8792365749125821
-0.7067420592243924
0.0
0.0
0.0
0.0
0.0
-0.8821384724946361
0.0
0.0
-1.7981943113505963
-3.5392019816747355
-5.43007507624118
-7.2934728356732625
-9.289482066814903
-11.424215694712975
-7.544419713423158
-6.412622310591232
-7.701231164937553
-4.7812199032919604
-0.8243794566386349
0.0
0.0
-0.9043562263727118
-2.584411171255047
-4.284163991926155
-5.395610326232134
-5.111404725255435
0.0
0.0
0.0
-1.6780626730736588
-3.094177975051103
-3.355390776107411
-3.8975630180954255
-4.8234102330813275
-6.4018693006013585
-3.9934472496399374
-3.380556447278903
0.0
0.0
-1.034434270887511
-2.624129782160823
-1.1001030513906769
-1.654160823243679
-3.021912984274833
-4.622801113479772
-6.344092124841373
-7.826521969726529
-9.735420733327446
-11.78343722230587
-13.71254718735311
-14.702856401788997
-16.038815871571458
-17.50826560061652
-18.905793568364015
-14.655260197351048
-10.785819422711223
-12.295500246124167
-8.43251943931697
-9.002625310177361
-10.271731634618527
-8.41171433066366
-4.217026785261963
-4.860423867154634
-5.298175547943724
0.0
0.0
0.0
-1.3870854942411197
0.0
0.0
-0.06567945145840315
0.0
-0.23841284060578954
-1.3660802536752008
0.0
-0.29087504390411534
-0.5074356718465769
-0.8072439832007643
-1.6998035966930642
-3.1226389293139416
-4.158330840425969
-4.936385276893959
-6.18292195492576
0.0
0.0
-0.09142749265442342
0.0
-0.22649381859958417
-0.7399849643949172
-1.5644273403670197
-0.7568188859993642
-1.589223012692724
-2.668811349135197
-3.794526197575385
-4.982552350625493
-6.301074378513068
-4.496049491656491
-5.352792036307011
0.0
0.0
-0.03815492242492094
0.0
0.0
-0.2926358673418996
0.0
0.0
0.0
-0.28300761740662356
-0.8826729314122499
-1.3769338060580298
-1.620642633173573
-1.620642633173573
-1.9336746303378722
-2.0290518808988076
-2.2581627463581255
-2.555466666213284
-2.8987460675767873
-3.068419066809283
-3.068419066809283
-3.068419066809283
-3.4262905841690188
-3.8979314616580574
-4.349712603903314
-4.801493746148571
-5.088121679354172
-5.574468322376433
-5.647197350673718
-4.515913620528411
-4.722572312229296
-5.1098890023951125
-5.407192922250271
-5.899851666522877
0.0
-0.24888274504675229
-0.4738633016188416
-0.9756721921216746
-1.4774810826245075
-1.66806837189756
-1.66806837189756
-1.9324688196618243
-2.0278460702227594
-2.0905267236607963
-2.2623800338335407
-2.380538456823046
-2.380538456823046
-2.446958132118069
-2.376397895452609
-2.376397895452609
-2.376397895452609
-2.376397895452609
-2.376397895452609
-0.4680022108337847
-0.4680022108337847
-0.4680022108337847
-0.23539411061916593
-0.24965218721893379
-0.2085512509404267
-0.2085512509404267
-0.1528772842174379
0.0
0.0
0.0
0.0
0.0
0.0
0.0
0.0
0.0
0.0
0.0
0.0
0.0
0.0
0.0
0.0
0.0
0.0
0.0
0.0
0.0
0.0
0.0
0.0
0.0
0.0
0.0
0.0
0.0
0.0
0.0
0.0
0.0
0.0
0.0
0.0
0.0
0.0
0.0
0.0
0.0
0.0
0.0
0.0
0.0
0.0
0.0
0.0
0.0
0.0
0.0
0.0
0.0
0.0
0.0
0.0
0.0
0.0
0.0
0.0
0.0
0.0
0.0
0.0
0.0
0.0
0.0
0.0
0.0
0.0
0.0
0.0
0.0
0.0
0.0
0.0
0.0
0.0
0.0
0.0
0.0
0.0
0.0
0.0
0.0
0.0
0.0
0.0
0.0
0.0
0.0
0.0
0.0
0.0
0.0
0.0
0.0
0.0
0.0
0.0
0.0
0.0
0.0
0.0
0.0
0.0
0.0
0.0
0.0
0.0
0.0
0.0
0.0
0.0
0.0
0.0
0.0
0.0
0.0
0.0
0.0
0.0
0.0
0.0
0.0
0.0
0.0
0.0
0.0
0.0
0.0
0.0
0.0
0.0
0.0
0.0
0.0
0.0
0.0
0.0
0.0
0.0
0.0
0.0
0.0
0.0
0.0
0.0
0.0
0.0
0.0
0.0
0.0
0.0
0.0
0.0
0.0
0.0
0.0
0.0
0.0
0.0
0.0
0.0
0.0
0.0
0.0
0.0
0.0
0.0
0.0
0.0
0.0
0.0
0.0
0.0
0.0
0.0
0.0
0.0
0.0
0.0
0.0
0.0
0.0
0.0
0.0
0.0
0.0
0.0
0.0
0.0
0.0
0.0
0.0
0.0
0.0
0.0
0.0
-0.13420930759090866
0.0
0.0
-0.4277200016459848
0.0
0.0
0.0
0.0
-0.44321952696590416
-0.7911699067331377
-0.42392605939643313
-0.1299092162717006
0.0
0.0
0.0
0.0
0.0
0.0
0.0
0.0
0.0
0.0
0.0
0.0
0.0
0.0
0.0
0.0
0.0
0.0
0.0
0.0
0.0
0.0
0.0
0.0
-0.8190936219735345
-1.503969663668832
0.0
-0.9391160608083978
-2.1367586945986847
-3.325511833571725
-4.5251136114591155
-4.008062297662457
-4.77302971108089
-5.756289717046986
-6.846714912244904
-8.023311684317292
-8.795925983973031
-10.427768778327202
-10.226278110135667
-12.13031258558302
-13.23305326783053
-3.6061693518283224
0.0
0.0
-1.2475417980762893
-2.57933369536486
-3.9400090221866115
-5.415650491574336
-6.395593061627839
-7.720903679579787
-8.829377530908985
-3.5341743518029096
-4.931546748085861
-6.210483335698677
-6.034593791816447
-6.713218572407686
-6.814310053764936
-8.390267044620881
-8.298195957301154
0.0
-1.2505903661106894
-1.7449241353573681
-1.9786633982218713
0.0
-0.9108809033220168
-2.0634155477863865
-3.0765641214034196
-3.795838410408856
-5.2020474068590925
-6.608256403309329
-7.632863769843082
-8.976426448505077
-10.528565420679055
-12.19616329508735
-13.88235617713509
-15.357474721986264
0.0
-0.7557037963075987
0.0
-0.8780611397503161
-2.049556541306441
-1.5525751037692017
-2.5810879116986296
-3.7981714169531906
-2.7577968829425243
-3.8622403822372977
-5.015233897836994
-6.355454002208422
-7.66980350782812
-6.16758715858888
-7.181650635953606
-8.2492750410441
0.0
-1.1451050187093488
0.0
0.0
-0.17649481579246262
-0.8140574124228046
-1.6314639935656343
0.0
-0.26191081004251054
-0.16241871576044836
-0.5891621365556949
-1.4136273537465724
-2.5117553664517738
-3.7107143483848457
-4.758836993056555
-5.5852810730367555
-6.611799219753142
-4.43159973524025
-3.224598438430471
-3.8522663495428646
-4.6876365826712245
0.0
-0.5728696407854332
-1.3982419749063406
-2.231404083185033
-3.0722844246351526
-3.8254364177243354
-3.2147724431975835
-3.797393569114555
-4.014806685763006
-4.014806685763006
-4.186515003124207
-4.420913524581925
-4.73410001064562
-5.366695104890487
-1.0215591884983874
-0.8849403766015314
-1.1676398904424234
-1.3455778918088215
-1.3455778918088215
-1.5066766595911651
-1.493929610983898
-1.669981386100174
-2.2268098642663947
-2.721104146166304
-1.300267670487781
-1.5065043923161414
-1.9531857569064506
-2.1670016124288916
-2.3363386773824217
-2.3363386773824217
-2.3363386773824217
-2.3363386773824217
-2.3363386773824217
-2.3363386773824217
-2.3363386773824217
-2.3363386773824217
-2.3363386773824217
-2.3363386773824217
-2.3363386773824217
-2.233900818123635
-2.172130885390876
-2.100558013766895
-2.0011227003386995
-1.7601637978053297
-1.61814527166592
-1.61814527166592
-1.5105719158501536
-1.5105719158501536
-1.5105719158501536
-1.5105719158501536
-1.5105719158501536
-1.5105719158501536
-1.5105719158501536
-1.5105719158501536
-1.3871791496983477
-1.3871791496983477
0.0
0.0
0.0
0.0
0.0
0.0
0.0
0.0
0.0
0.0
0.0
0.0
0.0
0.0
0.0
0.0
0.0
0.0
0.0
0.0
0.0
0.0
0.0
0.0
0.0
0.0
0.0
0.0
0.0
0.0
0.0
0.0
0.0
0.0
0.0
0.0
0.0
0.0
0.0
0.0
0.0
0.0
0.0
0.0
0.0
0.0
0.0
0.0
0.0
0.0
0.0
0.0
0.0
0.0
0.0
0.0
0.0
0.0
0.0
0.0
0.0
0.0
0.0
0.0
0.0
0.0
0.0
0.0
0.0
0.0
0.0
0.0
0.0
0.0
0.0
0.0
0.0
0.0
0.0
0.0
0.0
0.0
0.0
0.0
0.0
0.0
0.0
0.0
0.0
0.0
0.0
0.0
0.0
0.0
0.0
0.0
0.0
0.0
0.0
0.0
0.0
0.0
0.0
0.0
0.0
0.0
0.0
0.0
0.0
0.0
0.0
0.0
0.0
0.0
0.0
0.0
0.0
0.0
0.0
0.0
0.0
0.0
0.0
0.0
0.0
0.0
0.0
0.0
0.0
0.0
0.0
0.0
0.0
0.0
0.0
0.0
0.0
0.0
0.0
0.0
0.0
0.0
0.0
0.0
0.0
0.0
0.0
0.0
0.0
0.0
0.0
0.0
0.0
0.0
0.0
0.0
0.0
0.0
0.0
0.0
0.0
0.0
0.0
0.0
0.0
0.0
0.0
0.0
0.0
0.0
0.0
0.0
0.0
0.0
0.0
0.0
0.0
-0.026733603735801914
0.0
0.0
0.0
0.0
-0.1297371790061522
-0.07527868514634209
0.0
0.0
0.0
0.0
-0.18557383195679955
0.0
0.0
0.0
-0.5373163217830376
-1.2968624278675405
-1.7788609048062183
-2.8202566868428667
-3.8916243369856027
-4.773554690446499
-5.649746873940644
-5.892021812001202
-6.892616560533092
-3.0255415750797336
-3.6680545961092754
-5.077002974306961
-6.660435931171479
-8.449656813116988
-10.184430996680332
-12.061938405215802
-13.930747860100661
-15.44233383765456
-12.72089141253604
-12.656403981777206
-11.255750162443064
-11.620667429512574
-10.768334580001255
-11.946321533146309
-12.27074517543173
-3.716757271003978
-1.3222637678157887
0.0
0.0
0.0
0.0
-1.0419827495473846
-2.4894263692210155
-4.002611254333381
-5.604364323322515
-6.915169715031856
-8.403225012169745
-10.036977632793903
-11.303083246045405
-12.441597337769997
-2.705928715826248
-2.341993784543572
-3.2246375640551963
-4.247750066053726
-5.302042974114755
-3.9941087961961124
-5.55856389808759
-7.647478552576731
-9.711342075863564
-11.954425036737554
-10.263711449010032
-11.814169139240358
-13.401243022869522
-13.018402204984985
-14.634208684444726
-16.470840594397252
-18.253657127697025
-6.715757352868685
-5.0121750817372455
-5.054709686820513
0.0
-1.7529926933346949
-2.773584306523369
0.0
-1.1562615704711392
-2.781584738354444
0.0
-1.171272367760346
-2.2549283982220416
-3.246516235996639
-4.394779826074246
-3.922932438612359
-1.0737747759011729
0.0
-1.5287520718006884
-3.0770754743164312
0.0
0.0
0.0
0.0
0.0
-0.08804664329184253
0.0
-0.5353277487422219
-1.01750892963035
-0.9153646347055608
-1.3068793704225843
0.0
0.0
0.0
0.0
0.0
-0.5783159303334096
0.0
-0.7661472304554341
-1.5700371592562585
-2.542428886216342
-3.3103539979029835
-4.045337975956285
-4.571490828613874
-5.180319131494113
-6.042086284841752
-6.881559687450018
-7.754361065329357
-8.742191096315228
-9.765489047378534
-10.87375706108367
-12.05383936054863
-13.074242476994575
-9.848752109178905
-10.554830896008943
-10.693383699757838
-11.189391670177189
-11.268719441472312
-11.524588106051366
-11.713802813153364
-12.06378310931724
-12.42628112303075
-12.730603902615123
-12.847977805142193
-13.32565166181366
-13.333185229509791
-12.873077795940524
-13.245646943082587
-13.508447414027009
-13.552792753615888
-7.673837588475736
-7.892871849461028
-8.28691365131012
0.0
0.0
-0.2991084013678015
0.0
0.0
0.0
0.0
0.0
0.0
0.0
0.0
0.0
0.0
0.0
0.0
0.0
0.0
0.0
0.0
0.0
0.0
0.0
0.0
0.0
0.0
0.0
0.0
0.0
0.0
0.0
0.0
0.0
0.0
0.0
0.0
0.0
0.0
0.0
0.0
0.0
0.0
0.0
0.0
0.0
0.0
0.0
0.0
0.0
0.0
0.0
0.0
0.0
0.0
0.0
0.0
0.0
0.0
0.0
0.0
0.0
0.0
0.0
0.0
0.0
0.0
0.0
0.0
0.0
0.0
0.0
0.0
0.0
0.0
0.0
0.0
0.0
0.0
0.0
0.0
0.0
0.0
0.0
0.0
0.0
0.0
0.0
0.0
0.0
0.0
0.0
0.0
0.0
0.0
0.0
0.0
0.0
0.0
0.0
0.0
0.0
0.0
0.0
0.0
0.0
0.0
0.0
0.0
0.0
0.0
0.0
0.0
0.0
0.0
0.0
0.0
0.0
0.0
0.0
0.0
0.0
0.0
0.0
0.0
0.0
0.0
0.0
0.0
0.0
0.0
0.0
0.0
0.0
0.0
0.0
0.0
0.0
0.0
0.0
0.0
0.0
0.0
0.0
0.0
0.0
0.0
0.0
0.0
0.0
0.0
0.0
0.0
0.0
0.0
0.0
0.0
0.0
0.0
0.0
0.0
0.0
0.0
0.0
0.0
0.0
0.0
0.0
0.0
0.0
0.0
0.0
0.0
0.0
0.0
0.0
0.0
0.0
0.0
0.0
0.0
0.0
0.0
0.0
0.0
0.0
0.0
0.0
0.0
0.0
0.0
0.0
0.0
0.0
0.0
0.0
0.0
0.0
0.0
0.0
0.0
0.0
0.0
0.0
0.0
0.0
0.0
0.0
0.0
0.0
0.0
0.0
0.0
0.0
0.0
0.0
0.0
0.0
0.0
0.0
0.0
0.0
0.0
0.0
-0.03178114290859904
0.0
0.0
0.0
0.0
0.0
0.0
0.0
0.0
0.0
0.0
0.0
0.0
0.0
0.0
0.0
0.0
0.0
0.0
0.0
0.0
0.0
0.0
0.0
0.0
0.0
0.0
0.0
0.0
0.0
0.0
0.0
0.0
0.0
0.0
0.0
0.0
0.0
-0.497659062721189
-1.641112425852349
-0.5114283444520418
0.0
-1.1408720457202721
-2.309422583750884
-3.4868129630179574
-4.679377448028128
-5.907669824566668
-7.651280573115558
-9.541591492845459
-11.541486135331933
-13.46593541022845
-15.457537157429591
-17.563324269867106
-18.949362352025343
-20.699004529335685
-22.40321229582415
-24.2866143377953
-26.292105092620023
-28.326680789037944
-30.418798131669757
-29.904654214246623
-27.411168530958697
-29.54120011594226
-31.65231817668846
-33.667527778198725
-35.83391605636271
-38.056761950760006
-40.040518672826366
-40.01254734270635
-41.47516386605492
-30.85208089986733
-30.43432914887972
-30.924882665755995
-31.962871115668435
-33.345037786380296
-34.75770896706683
-36.230399094662545
-37.45120189894334
-34.048806387396084
-34.678679825070326
-35.84744081440312
-37.16752773326381
-38.54969440397567
-39.448186143214464
-38.64705702146085
-36.62311461594396
-32.16635872580743
-30.814012022988333
-30.616148046604017
-29.27459230806416
-28.504285955477556
-15.863948588530814
-11.000495780244886
-11.63691868555136
-11.904219669126412
-12.748973494779435
-12.70046547082961
-8.21728096951773
-8.758024681889232
-5.264420296495237
0.0
0.0
0.0
0.0
0.0
0.0
0.0
-0.02749614275987866
-0.30903988856885045
0.0
0.0
-0.620563419002496
0.0
-0.20878555898099688
0.0
-0.28860383861892397
-0.7734228894202303
-1.324498091789487
-1.6639460004308497
-1.9103232135570818
-2.040206953990277
-2.5638275651827507
-2.884081799885754
-3.5033928255579907
-4.237842051590282
-4.284962847653563
-4.5049337342618845
-4.622908097906673
-5.245288502044848
0.0
0.0
0.0
0.0
-0.7303532659675902
-1.540788607979529
-2.320539661755035
-3.3314477393023356
-4.250386775814153
-5.090043946447212
-5.8664822835802495
-6.778424920032558
-7.669127686410235
-5.661681429160723
-2.829929765979417
-2.4078743471330717
0.0
0.0
0.0
0.0
0.0
-0.03438637257363212
-0.02371187483667845
-0.2940728901236242
-0.7035885191891642
0.0
-0.3777221788708012
-1.0273442413058058
-1.568236149581527
-2.0215227630420927
-2.307685438521763
-2.307685438521763
-2.422669304531408
-1.9141151071169877
-1.9141151071169877
-1.4962495216661755
-1.4962495216661755
-1.4962495216661755
-1.4548283707134395
-1.4548283707134395
-1.3484751977148974
-1.3484751977148974
-1.3484751977148974
-1.3348618058157755
-0.6986690297670979
-0.6624791169150929
-0.5991480320201787
-0.2999349246835151
-0.2905859772201694
0.0
0.0
0.0
0.0
0.0
0.0
0.0
0.0
0.0
0.0
0.0
0.0
0.0
0.0
0.0
0.0
0.0
0.0
0.0
0.0
0.0
0.0
0.0
0.0
0.0
0.0
0.0
0.0
0.0
0.0
0.0
0.0
0.0
0.0
0.0
0.0
0.0
0.0
0.0
0.0
0.0
0.0
0.0
0.0
0.0
0.0
0.0
0.0
0.0
0.0
0.0
0.0
0.0
0.0
0.0
0.0
0.0
0.0
0.0
0.0
0.0
0.0
0.0
0.0
0.0
0.0
0.0
0.0
0.0
0.0
0.0
0.0
0.0
0.0
0.0
0.0
0.0
0.0
0.0
0.0
0.0
0.0
0.0
0.0
0.0
0.0
0.0
0.0
0.0
0.0
0.0
0.0
0.0
0.0
0.0
0.0
0.0
0.0
0.0
0.0
0.0
0.0
0.0
0.0
0.0
0.0
0.0
0.0
0.0
0.0
0.0
0.0
0.0
0.0
0.0
0.0
0.0
0.0
0.0
0.0
0.0
0.0
0.0
0.0
0.0
0.0
0.0
0.0
0.0
0.0
0.0
0.0
0.0
0.0
0.0
0.0
0.0
0.0
0.0
0.0
0.0
0.0
0.0
0.0
0.0
0.0
0.0
0.0
0.0
0.0
0.0
0.0
0.0
0.0
0.0
0.0
0.0
0.0
0.0
0.0
0.0
0.0
0.0
0.0
0.0
0.0
0.0
0.0
0.0
0.0
0.0
0.0
0.0
0.0
0.0
0.0
0.0
0.0
0.0
0.0
0.0
0.0
0.0
0.0
0.0
0.0
0.0
0.0
0.0
0.0
0.0
0.0
0.0
0.0
0.0
0.0
0.0
0.0
0.0
0.0
-0.09208057430218203
-0.09466225312143413
0.0
0.0
0.0
0.0
0.0
0.0
0.0
0.0
0.0
0.0
0.0
0.0
0.0
-0.5029172243773918
-1.25111319217395
-1.8476375223636836
-1.3702611392403394
0.0
0.0
0.0
0.0
-0.38147636416236363
0.0
0.0
0.0
0.0
0.0
0.0
0.0
0.0
-0.3273078617044231
0.0
0.0
-1.0923045398403346
-1.8695282076261566
-3.0578722066949338
-3.5244665561784485
-1.3268981702729254
-1.9267245644990525
-2.208282726471703
-3.4119218276738588
-4.679085426112951
-5.873709046378888
-7.24051289011674
-8.904930167935788
-10.285291732526577
-9.426418376235086
-10.229727578045365
-12.022845808610787
-13.746492956504607
-6.526143842383483
-5.417074965715546
0.0
-1.1595470737111395
-2.2031368026822973
0.0
0.0
-0.23538189700219747
-1.3753137754861056
-0.04560518728674201
0.0
-1.3441968945977916
-2.361763337263871
-4.0180418261487745
-5.5812753867548555
-7.302836067781516
-9.040428409744026
-10.66333369464131
0.0
-0.18230713175508584
0.0
-0.9639840252086542
-2.2986607012384814
-3.695557748734614
-5.267706306593403
-6.995724857775578
-8.666311262891877
-10.542760297482674
-12.678833681842988
-14.747457650722112
-6.979128545836979
-7.9528194944660076
-9.141974784797293
-10.301974572407437
-11.57602447621556
-10.543326938765123
-11.672269004037624
-12.742041721150677
-13.737546593897745
-15.128558686640133
-16.32733438883372
-17.164048355125907
-18.53745756123944
-19.78359641071708
-21.14815343416898
-22.288456583024185
-23.10046712801285
-24.210801431594877
-25.58421063770841
-26.77885308670804
-28.015603783876085
-20.757204158803383
-19.946996266207986
-17.01953272290123
-17.196529687217883
-17.39176485809891
-17.759254740592453
-17.88115893482572
-18.497725366080136
-19.105665381582504
-19.22756957581577
-19.362162690373022
-19.743709220997044
-20.298513941735596
-20.78970317850822
-21.299887944070566
-18.10426459985149
-18.104208288910588
-18.104208288910588
-18.16483083184054
-18.57707961129217
-19.25034175253703
-17.95131454875912
-17.840922708141136
-18.01221552857242
-18.517545505910117
-18.970932780618117
-19.514593656924283
-18.609030989703378
-18.946303722637975
-19.215026871610608
-19.781787093935655
-20.46802536313867
-21.051179897229673
-21.190814634957732
-21.431592479936853
-20.157638973998495
-20.021257334669595
-20.021257334669595
-20.021257334669595
-19.906591029868483
-19.674881823985377
-19.59032066632645
-19.49241104653141
-19.357504642755007
-18.96568275981449
-18.789523471411997
-18.195604825433144
-17.659305458361356
-17.10602102962127
-17.10602102962127
-17.10602102962127
-17.10602102962127
-17.10602102962127
-17.10602102962127
-16.841264260161065
-16.841264260161065
-16.606106760654733
-16.606106760654733
-15.960995157118731
-15.960995157118731
-15.960995157118731
-15.960995157118731
-15.834828988248802
-15.834828988248802
-15.834828988248802
-15.834828988248802
-15.834828988248802
-15.423433822854207
-15.401796305459749
-15.401796305459749
-15.401796305459749
-15.401796305459749
-15.401796305459749
-15.401796305459749
-15.314773747445926
-15.314773747445926
-15.314773747445926
-15.314773747445926
-15.314773747445926
-15.314773747445926
-15.314773747445926
-15.314773747445926
-15.314773747445926
-15.314773747445926
-15.314773747445926
-15.314773747445926
-15.314773747445926
-15.158719622982561
-15.158719622982561
-15.113612758727008
-15.113612758727008
-15.113612758727008
-15.113612758727008
-15.113612758727008
-15.113612758727008
-15.113612758727008
-15.113612758727008
-15.113612758727008
-15.113612758727008
-15.113612758727008
-15.113612758727008
-15.113612758727008
-15.113612758727008
-15.113612758727008
-15.113612758727008
-14.826498836936183
-14.826498836936183
-14.826498836936183
-14.407642819840678
-13.106023690015997
-12.906001057062793
-12.906001057062793
-12.906001057062793
-12.880179531414994
-12.880179531414994
-12.880179531414994
-12.880179531414994
-12.880179531414994
-12.880179531414994
-12.880179531414994
-12.079246954965692
-12.079246954965692
-12.079246954965692
-12.079246954965692
-12.079246954965692
-12.079246954965692
-12.079246954965692
-12.079246954965692
-12.079246954965692
-12.079246954965692
-12.079246954965692
-12.079246954965692
-12.079246954965692
-12.079246954965692
-12.079246954965692
-12.079246954965692
-12.079246954965692
-12.079246954965692
-12.079246954965692
-12.079246954965692
-12.079246954965692
-12.079246954965692
-12.079246954965692
-12.079246954965692
-12.079246954965692
-12.079246954965692
-11.954740849414614
-11.525953053647193
-11.525953053647193
-11.407520987596795
-10.279626599948148
-10.201018474596157
-10.163007308180068
-9.801060373297435
-9.582766870976764
-9.429915834497416
-9.4138361696604
-8.78525264018232
-8.769172975345302
-8.485031881349649
-8.236395263734071
-6.853779483821736
0.0
0.0
0.0
0.0
0.0
0.0
0.0
0.0
0.0
0.0
0.0
0.0
0.0
0.0
0.0
0.0
0.0
0.0
0.0
0.0
0.0
0.0
0.0
0.0
0.0
0.0
0.0
0.0
0.0
0.0
0.0
0.0
0.0
0.0
0.0
0.0
0.0
0.0
0.0
0.0
0.0
0.0
0.0
0.0
0.0
0.0
0.0
0.0
0.0
0.0
0.0
0.0
0.0
0.0
0.0
0.0
0.0
0.0
0.0
0.0
0.0
0.0
0.0
0.0
0.0
0.0
0.0
0.0
0.0
0.0
0.0
0.0
0.0
0.0
0.0
0.0
0.0
0.0
0.0
0.0
0.0
0.0
0.0
0.0
0.0
0.0
0.0
0.0
0.0
0.0
0.0
0.0
0.0
-0.026869181813286347
-0.020653631433877773
-0.09463363636824174
0.0
0.0
0.0
0.0
0.0
0.0
0.0
0.0
0.0
0.0
0.0
0.0
0.0
-0.11940527652845656
-0.5159038287044297
0.0
0.0
0.0
0.0
0.0
0.0
0.0
-0.3420894806918059
-0.9215754850594912
0.0
0.0
0.0
0.0
0.0
-0.018899926549518664
0.0
-0.13525893811421907
-0.02337145675419494
0.0
-0.1777309368000981
-0.7504277271305034
-1.2250765438196907
0.0
0.0
0.0
-1.155941316269501
-2.3729036789942066
0.0
-1.2339650387866503
-0.5875719033698383
-1.7597381985138643
-3.2574039076668173
-4.674259902452373
-6.259235746905285
-7.640417090270844
-7.982760335340075
-9.335229762109723
-11.061147157699432
-12.860616964329962
-8.590222641632156
-6.444640648397046
-3.6217852551929273
0.0
0.0
-1.456634227077112
-2.7271180199029015
-3.9076337051979344
-5.23549463148963
-5.5119927107628905
0.0
0.0
0.0
0.0
0.0
0.0
-0.7818125655961973
-1.3126049307806935
-1.7049492764661642
-0.32785870321423727
0.0
-0.6741231758890106
-2.0961868554555925
-3.748329064425714
-5.0260835995992466
-6.889770473119742
-7.838969174180399
-9.621557792925051
-5.0112618344862545
0.0
-0.815424534335887
-2.1873303410049605
0.0
-0.8966972980370421
-1.968188029808728
-3.1820140924169023
0.0
-0.37665931861113844
-1.1435833102042057
-2.1967540636767366
-3.555481380005756
-4.9228689086201385
-6.2554273909437175
-7.414895490192984
-8.260865371040833
-9.381977753928581
-10.64329122471799
-11.993327249729104
-13.218157996630083
-14.415217381432884
-12.752426744785
-13.661861384307276
-5.649838706404433
0.0
-0.6416722886699375
-0.8402421648402496
-1.43940136102195
0.0
0.0
-0.06237413387492178
-0.2956635025205655
-0.5804389019669928
-1.3999142514243172
-2.1089899259319616
-3.0921481824092036
-3.396272878894413
0.0
0.0
0.0
0.0
0.0
0.0
0.0
0.0
0.0
-0.007209389745620267
0.0
0.0
-0.050497522611364865
-0.5317734861015633
-0.32700471517774615
0.0
-0.22718007375938978
-0.42289936383130355
-0.9224879663259555
-1.4800985265637734
-1.5991307980660605
0.0
-0.28712891370012206
-0.7893014221154239
-1.4189977277974408
-0.6061825020633564
-0.6133918918089767
-0.6017738599676024
-0.5820093623272665
0.0
0.0
0.0
0.0
0.0
0.0
0.0
0.0
0.0
0.0
0.0
0.0
0.0
0.0
0.0
0.0
0.0
0.0
0.0
0.0
0.0
0.0
0.0
0.0
0.0
0.0
0.0
0.0
0.0
0.0
0.0
0.0
0.0
0.0
0.0
0.0
0.0
0.0
0.0
0.0
0.0
0.0
0.0
0.0
0.0
0.0
0.0
0.0
0.0
0.0
0.0
0.0
0.0
0.0
0.0
0.0
0.0
0.0
0.0
0.0
0.0
0.0
0.0
0.0
0.0
0.0
0.0
0.0
0.0
0.0
0.0
0.0
0.0
0.0
0.0
0.0
0.0
0.0
0.0
0.0
0.0
0.0
0.0
0.0
0.0
0.0
0.0
0.0
0.0
0.0
0.0
0.0
0.0
0.0
0.0
0.0
0.0
0.0
0.0
0.0
0.0
0.0
0.0
0.0
0.0
0.0
0.0
0.0
0.0
0.0
0.0
0.0
0.0
0.0
0.0
0.0
0.0
0.0
0.0
0.0
0.0
0.0
0.0
0.0
0.0
0.0
0.0
0.0
0.0
0.0
0.0
0.0
0.0
0.0
0.0
0.0
0.0
0.0
0.0
0.0
0.0
0.0
0.0
0.0
0.0
0.0
0.0
0.0
0.0
0.0
0.0
0.0
0.0
0.0
0.0
0.0
0.0
0.0
0.0
0.0
0.0
0.0
0.0
0.0
0.0
0.0
0.0
0.0
0.0
0.0
0.0
0.0
0.0
0.0
0.0
0.0
0.0
0.0
0.0
0.0
0.0
0.0
0.0
0.0
0.0
0.0
0.0
0.0
0.0
0.0
0.0
0.0
0.0
0.0
0.0
0.0
0.0
0.0
0.0
0.0
0.0
0.0
0.0
0.0
-0.016323661414839694
-0.09772741886347618
0.0
0.0
0.0
0.0
0.0
0.0
0.0
0.0
0.0
0.0
0.0
0.0
0.0
0.0
0.0
-0.28301367217015794
0.0
0.0
-0.323413821745937
-0.8181954852459679
-0.9772376114738005
0.0
0.0
0.0
0.0
0.0
0.0
0.0
0.0
0.0
0.0
0.0
0.0
0.0
0.0
0.0
-0.5027170336560806
-0.7540093793384087
-0.8324899381007643
0.0
-0.03726418131464415
-0.6593184926386616
-0.8948923565930934
0.0
0.0
-1.0604072739523227
-2.2119785710202127
0.0
-1.1807831357803997
-2.3675206986415698
-2.266171964436656
-2.8362998657772494
-4.03105898855491
-5.263375137165074
-7.174506660470003
-5.706002936388035
-2.143655750468212
-3.534743003843626
-4.769584517092229
-1.9974507482028843
-3.5812750713785872
-5.155388475278047
-2.3932889823324004
-4.0346083021894525
-5.722832516137079
-4.409408509309289
-5.214948115925517
-6.240856811310412
-7.292123257334898
-0.1218024401273512
-0.0005485676455418975
0.0
0.0
-1.0248534772570206
0.0
-1.7020494196579852
-2.0730049331615574
-2.9989796180639754
-4.607193755469564
-5.642723158942516
-7.269932601249195
-8.0553792982212
-3.209662754585466
-3.7479525289149715
-0.6116230337546358
-1.8104313589198002
-3.331641551874954
-4.627925439106074
-5.9978984903754915
-0.6324148210329668
-1.6979427111452425
-2.5273500737975447
-3.370336129146546
-4.0183661282830965
-5.205151284725185
-6.380665415378493
0.0
-0.0709222272149761
0.0
-0.6969665940245264
-1.765509035970405
-2.729075632947333
-3.200201272221772
-3.031412885287131
-4.171714402845543
-4.558527527529593
0.0
-0.657191879622776
-1.7291193620585819
-2.7529972738838486
-4.002692481331935
0.0
0.0
-0.9221007338847764
-1.9159466131927594
-2.7381628744762354
0.0
-0.17680461214020718
-0.5430377350899933
-0.8369589467862171
-1.4537583491944384
-2.0837073721433446
-2.7518765615098886
0.0
-0.8097997048762736
-2.0198554308797245
-0.3484806828445559
-0.34749388471740994
-0.47244621314239454
-1.167717406373114
-2.1441974611664816
-3.2068221727934345
-2.4169541238325545
-3.091109502963409
-3.8105820447174836
0.0
0.0
0.0
-0.06238746477174115
-0.06238746477174115
0.0
-0.027239200702678767
0.0
-0.24719676393539558
-0.4908806334523825
-0.8737579990522251
-0.5034490352605983
-0.5034490352605983
-0.5034490352605983
0.0
-0.44180244257367696
-0.9224710931313633
-1.5137177699967475
0.0
0.0
0.0
-0.06299441284463893
-0.06299441284463893
-0.06299441284463893
-0.06299441284463893
-0.06299441284463893
-0.06299441284463893
-0.06299441284463893
-0.06299441284463893
-0.000629295765057096
0.0
0.0
0.0
0.0
0.0
0.0
0.0
0.0
0.0
0.0
0.0
0.0
0.0
0.0
0.0
0.0
0.0
0.0
0.0
0.0
0.0
0.0
0.0
0.0
0.0
0.0
0.0
0.0
0.0
0.0
0.0
0.0
0.0
0.0
0.0
0.0
0.0
0.0
0.0
0.0
0.0
0.0
0.0
0.0
0.0
0.0
0.0
0.0
0.0
0.0
0.0
0.0
0.0
0.0
0.0
0.0
0.0
0.0
0.0
0.0
0.0
0.0
0.0
0.0
0.0
0.0
0.0
0.0
0.0
0.0
0.0
0.0
0.0
0.0
0.0
0.0
0.0
0.0
0.0
0.0
0.0
0.0
0.0
0.0
0.0
0.0
0.0
0.0
0.0
0.0
0.0
0.0
0.0
0.0
0.0
0.0
0.0
0.0
0.0
0.0
0.0
0.0
0.0
0.0
0.0
0.0
0.0
0.0
0.0
0.0
0.0
0.0
0.0
0.0
0.0
0.0
0.0
0.0
0.0
0.0
0.0
0.0
0.0
0.0
0.0
0.0
0.0
0.0
0.0
0.0
0.0
0.0
0.0
0.0
0.0
0.0
0.0
0.0
0.0
0.0
0.0
0.0
0.0
0.0
0.0
0.0
0.0
0.0
0.0
0.0
0.0
0.0
0.0
0.0
0.0
0.0
0.0
0.0
0.0
0.0
0.0
0.0
0.0
0.0
0.0
0.0
0.0
0.0
0.0
0.0
0.0
0.0
0.0
0.0
0.0
0.0
0.0
0.0
0.0
0.0
0.0
0.0
0.0
0.0
0.0
0.0
0.0
0.0
0.0
0.0
0.0
0.0
0.0
0.0
0.0
0.0
0.0
0.0
0.0
0.0
0.0
0.0
0.0
-0.4942968505106607
0.0
0.0
-0.34079183856928175
-0.4975086172372528
-0.5277794526511305
-0.2639665885657344
-0.04999659163041581
0.0
-0.3599914326331174
-1.1275007555191927
-2.1990438745290355
-1.173615117028892
-0.38489564339647875
-1.5510259467872636
-0.5127402838235962
-1.0550238392649707
-2.1426321772414028
0.0
0.0
0.0
0.0
0.0
0.0
-1.047985969559613
0.0
-0.4932889314788937
-1.6922276961388876
-2.88842973119941
-4.09530473072024
-5.155462599338167
-6.359737124848525
0.0
-1.1679308626601774
-1.672447731231863
-2.8764155403698437
0.0
0.0
-1.2088234590971378
-2.4264791738637523
-0.5333189500798907
0.0
0.0
-1.102974417931367
-2.6653878777328766
-4.257395011433883
-5.2494996505356575
-7.030129637746511
-6.566862798097918
-7.035765599856624
-5.480235296442514
0.0
0.0
-0.9178015932430645
0.0
-1.04432996922911
0.0
0.0
-0.9626152256121259
-2.2272706705148204
0.0
-0.9336170768860231
-2.0008591460143554
-3.204826955152336
-4.7246556600147755
-6.589336349404717
-7.9727622593318035
-4.454411866767471
-5.874503089597299
-1.406263829377921
0.0
-1.222817544446791
-1.6683390107008913
0.0
-1.1266510139539578
-0.6670949690300443
0.0
0.0
0.0
0.0
-1.290929096060707
-2.47349091802164
0.0
-1.193779841966797
-2.3561078391714236
-1.7124379062984467
-3.2285755370645095
0.0
-0.34314699982699315
0.0
0.0
-1.1220669687356
-2.3100205528001707
-3.7048358323567534
-5.211757295643115
-6.168302906333924
-5.826328829256209
-6.421451880561508
-7.055418833067945
-7.753911402346718
-8.788940562349929
-10.015397859724267
-10.78284439720893
-9.817209032449407
-10.68388516586545
-11.764462042686873
-12.500904512913197
-12.854759056322074
-13.45840742639496
-14.105554074187268
-14.958664359444857
0.0
0.0
-0.15297425105560783
-0.3836944664822245
-0.3836944664822245
-0.3836944664822245
-0.6494697145764655
-1.36151264328185
-2.1925645905784923
-3.0268623693435677
-3.8180010276856753
-4.622665501523153
-5.346079431074831
-5.925766228080557
-6.310580539198971
-6.722530463711793
-7.002549866047294
-7.171437550339401
-7.659640489892871
-7.205055264961205
-7.779741152764606
-8.326870193328356
-8.940491008580079
-9.585206773697422
-10.261043146615377
-10.961434882643875
-11.656872882636833
-11.865383262419911
-12.080799459822202
-10.329391102752554
-9.957831553541261
-10.077072370240655
-10.349146851990419
-10.971959734188175
-11.651053655746612
-12.347463565654895
-13.183254849004475
-11.848415894941354
-11.223717735227417
-11.223717735227417
-11.339498545587583
-11.613014221465802
-12.063488704710593
-12.120272083626984
-10.632656480476768
0.0
0.0
0.0
0.0
0.0
0.0
0.0
0.0
0.0
0.0
0.0
0.0
0.0
0.0
0.0
0.0
0.0
0.0
0.0
0.0
0.0
0.0
0.0
0.0
0.0
0.0
0.0
0.0
0.0
0.0
0.0
0.0
0.0
0.0
0.0
0.0
0.0
0.0
0.0
0.0
0.0
0.0
0.0
0.0
0.0
0.0
0.0
0.0
0.0
0.0
0.0
0.0
0.0
0.0
0.0
0.0
0.0
0.0
0.0
0.0
0.0
0.0
0.0
0.0
0.0
0.0
0.0
0.0
0.0
0.0
0.0
0.0
0.0
0.0
0.0
0.0
0.0
0.0
0.0
0.0
0.0
0.0
0.0
0.0
0.0
0.0
0.0
0.0
0.0
0.0
0.0
0.0
0.0
0.0
0.0
0.0
0.0
0.0
0.0
0.0
0.0
0.0
0.0
0.0
0.0
0.0
0.0
0.0
0.0
0.0
0.0
0.0
0.0
0.0
0.0
0.0
0.0
0.0
0.0
0.0
0.0
0.0
0.0
0.0
0.0
0.0
0.0
0.0
0.0
0.0
0.0
0.0
0.0
0.0
0.0
0.0
0.0
0.0
0.0
0.0
0.0
0.0
0.0
0.0
0.0
0.0
0.0
0.0
0.0
0.0
0.0
0.0
0.0
0.0
0.0
0.0
0.0
0.0
0.0
0.0
0.0
0.0
0.0
0.0
0.0
0.0
0.0
0.0
0.0
0.0
0.0
0.0
0.0
0.0
0.0
0.0
0.0
0.0
0.0
0.0
0.0
0.0
0.0
0.0
0.0
0.0
0.0
0.0
0.0
0.0
0.0
0.0
0.0
0.0
-0.03437597012348656
0.0
0.0
0.0
0.0
0.0
0.0
0.0
0.0
0.0
0.0
0.0
0.0
0.0
0.0
0.0
0.0
0.0
0.0
0.0
0.0
0.0
0.0
0.0
0.0
0.0
0.0
-0.869419605690435
-1.90470803693138
-3.029888843593646
-4.064519191355997
-4.143531461621057
-4.740275165723302
-4.814585377015683
-2.8757038965834147
-4.394774870692068
-6.008966460548016
-7.765022983571484
-8.893103878383593
-10.44864253488574
-10.529008318552213
-11.889289220177773
-12.206963508078108
-8.833073498284989
-9.802171435360775
-6.386358963720691
-5.7295455108561395
-3.3666047824064553
-2.1616305743851387
-3.5767922779739276
-5.172373601994886
0.0
0.0
-0.8407703868677571
-2.082923842280621
-3.740673508588644
-5.77055793653693
-7.3229324005522365
-8.705133104238174
-10.121717419741895
-11.985020825511546
-14.014905253459832
-16.083040669725854
-18.035374872514144
-11.294391628958703
-9.972784979820398
-8.119803095686517
-2.6866852224020707
-4.697315566264635
-6.600431879633788
-8.423514799013105
-10.256691994596835
-10.98979649294873
-12.731143593794222
-14.644151400346697
-16.497438563142705
-18.594043218063614
-20.65264754857504
-22.59518561532357
-24.14443616594891
-10.459680291697596
0.0
0.0
-1.0262926957096925
-2.197449083470679
-3.349334748868487
-4.641248980466697
-6.159495281977899
0.0
-1.2705208780551682
-2.663741339627313
-4.106577570494315
-5.529666298770159
-7.001885547548885
-8.417436768597666
-9.840207976828657
-3.75811527329106
-3.2008028581952823
-0.38008927419400784
0.0
0.0
-0.3500168369818737
0.0
0.0
-1.5492521759927098
-3.031203891642518
-4.018728062144434
-5.381772472644331
-5.127265088873602
-6.57992700188877
-7.857029439003698
-9.06432172315066
-10.208908159329974
-11.389522391986663
-12.890078575886061
-12.602995525405715
-13.402285360371247
-14.600716568546668
-15.94585396331075
-12.115620024555069
-7.169849808747159
-7.129808153207295
-7.153798369569417
-7.996401887976037
-9.111806144476454
-9.39660353881573
0.0
-0.7858039486840778
-1.6915600056912705
-2.6593589125195383
-2.2916664202768455
0.0
0.0
-0.9183421265932642
-1.9202163526845166
-2.5944341295822797
-3.0076541610279985
-3.492036428058231
-4.510638365773629
-5.452513448827859
-6.355859941771351
-7.3195409131693205
-8.283424959931267
-9.133092696904068
-9.904747540015459
-10.787845976422567
-11.783105636035886
-2.156038798160676
-2.118671284513076
-2.118671284513076
-2.044497255032615
-2.176693409090583
-2.50866838265793
-2.8459542098428985
-3.092066090768251
-3.092066090768251
-2.469538477315241
-2.4314403129649427
-2.417763402555638
-2.301414332156206
-2.1270991547320937
-1.2114593890778025
-1.2114593890778025
-0.8477740701925309
-0.6787876378191837
0.0
0.0
0.0
0.0
-0.34272195115908266
-0.8293399186166088
-1.1647855162433156
-1.2558848365038646
-1.2558848365038646
-1.2558848365038646
-1.4157180407425614
-1.5295643751765895
-1.5295643751765895
-1.5295643751765895
-1.5295643751765895
-1.5295643751765895
-1.4394519282309914
-1.4394519282309914
-0.2898334779526255
-0.2898334779526255
-0.2898334779526255
-0.2898334779526255
-0.2737538131156079
-0.1778824590136272
-0.1778824590136272
0.0
0.0
0.0
0.0
0.0
0.0
0.0
0.0
0.0
0.0
0.0
0.0
0.0
0.0
0.0
0.0
0.0
0.0
0.0
0.0
0.0
0.0
0.0
0.0
0.0
0.0
0.0
0.0
0.0
0.0
0.0
0.0
0.0
0.0
0.0
0.0
0.0
0.0
0.0
0.0
0.0
0.0
0.0
0.0
0.0
0.0
0.0
0.0
0.0
0.0
0.0
0.0
0.0
0.0
0.0
0.0
0.0
0.0
0.0
0.0
0.0
0.0
0.0
0.0
0.0
0.0
0.0
0.0
0.0
0.0
0.0
0.0
0.0
0.0
0.0
0.0
0.0
0.0
0.0
0.0
0.0
0.0
0.0
0.0
0.0
0.0
0.0
0.0
0.0
0.0
0.0
0.0
0.0
0.0
0.0
0.0
0.0
0.0
0.0
0.0
0.0
0.0
0.0
0.0
0.0
0.0
0.0
0.0
0.0
0.0
0.0
0.0
0.0
0.0
0.0
0.0
0.0
0.0
0.0
0.0
0.0
0.0
0.0
0.0
0.0
0.0
0.0
0.0
0.0
0.0
0.0
0.0
0.0
0.0
0.0
0.0
0.0
0.0
0.0
0.0
0.0
0.0
0.0
0.0
0.0
0.0
0.0
0.0
0.0
0.0
0.0
0.0
0.0
0.0
0.0
0.0
0.0
0.0
0.0
0.0
0.0
0.0
0.0
0.0
0.0
0.0
0.0
0.0
0.0
0.0
0.0
0.0
0.0
0.0
0.0
0.0
0.0
0.0
0.0
0.0
0.0
0.0
0.0
0.0
0.0
0.0
0.0
0.0
0.0
-0.0837171616722544
0.0
0.0
0.0
0.0
0.0
0.0
0.0
0.0
-0.14242562402479728
-0.20693358336471654
0.0
0.0
0.0
0.0
0.0
0.0
0.0
0.0
0.0
0.0
0.0
0.0
0.0
-0.17403435920048116
0.0
0.0
-0.4293855845989498
-0.9309702239920421
-0.6104626489578849
0.0
-0.18967716038333182
0.0
0.0
-0.34959863673728997
-0.4119798678105695
0.0
0.0
0.0
0.0
0.0
0.0
-0.173040875516826
-0.8263935698407879
0.0
-0.7431907806633056
-2.01478731587913
-2.9698654719103565
-4.1148210778370595
-5.395501495289597
-6.690466433707334
-7.979551600614373
-9.228009992270515
-8.045553313680925
-7.410334268921604
-9.230841884472401
-0.3023989587232112
-0.5802333545252758
-2.154515396885393
0.0
0.0
0.0
-1.3257946346355087
-1.3591841215188485
-2.3652291125531972
-3.8065107571804786
-0.6519727905498174
0.0
-0.5758702851354971
-2.205268151593846
-3.860178145474723
-5.293383475521518
0.0
-0.774341915493585
0.0
-1.5111122653330789
-3.043059054163267
-2.450817497142552
-0.1444494039645119
0.0
-1.816754572023551
-3.5289522815996675
-5.392016103131563
-7.113880298625714
-8.91190571489049
-10.811509811880116
-12.738235909612499
-14.430998582965717
-16.162495809986876
-17.806054644412576
-17.86769315112511
-19.10072681893288
-20.61183908426596
-22.1444792788512
-21.379805064331727
-23.072567737684945
0.0
-0.7389138290934669
-1.0211054446786636
-1.0211054446786636
-1.6522275968342939
0.0
0.0
-0.3126149672667046
-1.189493411793334
0.0
0.0
0.0
0.0
0.0
0.0
0.0
0.0
0.0
-0.31627084468625244
-0.9293287184108233
-1.7526335223399512
-1.9305850402003262
-2.810169471953124
0.0
-0.6878633412521022
0.0
0.0
0.0
0.0
0.0
0.0
0.0
0.0
0.0
0.0
0.0
0.0
0.0
0.0
0.0
0.0
0.0
0.0
0.0
0.0
0.0
0.0
0.0
0.0
0.0
0.0
0.0
0.0
0.0
0.0
0.0
0.0
0.0
0.0
0.0
0.0
0.0
0.0
0.0
0.0
0.0
0.0
0.0
0.0
0.0
0.0
0.0
0.0
0.0
0.0
0.0
0.0
0.0
0.0
0.0
0.0
0.0
0.0
0.0
0.0
0.0
0.0
0.0
0.0
0.0
0.0
0.0
0.0
0.0
0.0
0.0
0.0
0.0
0.0
0.0
0.0
0.0
0.0
0.0
0.0
0.0
0.0
0.0
0.0
0.0
0.0
0.0
0.0
0.0
0.0
0.0
0.0
0.0
0.0
0.0
0.0
0.0
0.0
0.0
0.0
0.0
0.0
0.0
0.0
0.0
0.0
0.0
0.0
0.0
0.0
0.0
0.0
0.0
0.0
0.0
0.0
0.0
0.0
0.0
0.0
0.0
0.0
0.0
0.0
0.0
0.0
0.0
0.0
0.0
0.0
0.0
0.0
0.0
0.0
0.0
0.0
0.0
0.0
0.0
0.0
0.0
0.0
0.0
0.0
0.0
0.0
0.0
0.0
0.0
0.0
0.0
0.0
0.0
0.0
0.0
0.0
0.0
0.0
0.0
0.0
0.0
0.0
0.0
0.0
0.0
0.0
0.0
0.0
0.0
0.0
0.0
0.0
0.0
0.0
0.0
0.0
0.0
0.0
0.0
0.0
0.0
0.0
0.0
0.0
0.0
0.0
0.0
0.0
0.0
0.0
0.0
0.0
0.0
0.0
0.0
0.0
0.0
0.0
0.0
0.0
0.0
0.0
0.0
0.0
0.0
0.0
0.0
0.0
0.0
0.0
0.0
0.0
0.0
0.0
0.0
0.0
0.0
0.0
0.0
0.0
-0.078501252575508
0.0
0.0
0.0
0.0
0.0
0.0
0.0
0.0
0.0
0.0
-0.16144210573908685
-0.255197228644965
0.0
0.0
0.0
0.0
0.0
0.0
0.0
0.0
0.0
0.0
0.0
0.0
0.0
0.0
0.0
0.0
0.0
0.0
0.0
0.0
0.0
0.0
-0.007111649268424336
0.0
0.0
0.0
0.0
0.0
0.0
0.0
0.0
0.0
0.0
0.0
0.0
0.0
0.0
0.0
0.0
0.0
-0.39299272448727124
-0.9642135688618272
-1.080712740443761
-0.5529793440528771
0.0
0.0
-0.4288793926750204
0.0
-0.2944943812229508
0.0
0.0
0.0
0.0
0.0
0.0
0.0
-0.1288977079149145
-0.09065892687229615
0.0
-0.2159395479267423
-1.1839207961087932
-2.2562307847630487
-3.481044383537065
-4.71089087558051
-5.94254920586466
-6.520588902670567
0.0
-1.6164133067066742
-2.5712779516821618
-3.563443057950873
-4.720308872154973
-0.07928736647143175
0.0
-1.3971047889358494
-3.0814207827599045
0.0
-0.8264862452509312
-2.268176576322135
0.0
-1.6123103212195604
0.0
0.0
-1.7217133668652211
-1.9293175443469044
-3.7798881146772247
-5.6598875937433615
-7.4581670970330975
-5.730650520327117
-6.726469448137832
-7.747166564225053
-8.464491221387751
-2.546293295011031
-2.3957071859578045
0.0
0.0
-1.2869963627428445
-2.2748864680652456
-3.403330407825022
-3.9108160500101614
-5.343722071798666
-5.880122990131907
-7.347952775169191
-2.774224933739938
0.0
-1.1493564907978722
-2.625829883187211
-4.170264724822602
-5.626563892493578
-5.491459934989233
-6.923702868769249
-7.4844172979490615
-8.744067563428253
-9.958555929094603
-11.382443192099792
-12.729888898822256
-14.085942654580517
-15.39865306703134
-14.487912210831341
-15.623515163269264
-16.95365466735794
-18.195347635129036
-18.013017133234015
-2.4895965338356536
0.0
-1.1777762743505515
0.0
-1.2321216644761104
-2.473814632247204
-0.6829523374787294
0.0
-0.6267571947075162
-0.3548429320008101
-1.1455274380658256
0.0
0.0
-0.14331100817051873
-0.29831555973659113
-0.509801573052714
-0.828899346201051
-0.7951344663488534
-0.28582395183557996
0.0
0.0
0.0
0.0
0.0
0.0
0.0
0.0
0.0
0.0
0.0
0.0
0.0
0.0
0.0
0.0
0.0
0.0
0.0
0.0
0.0
-0.11381341586979854
-0.2662820655767288
-0.15677430695148625
0.0
0.0
0.0
0.0
0.0
0.0
0.0
0.0
0.0
-0.022752905102264326
0.0
0.0
0.0
0.0
0.0
0.0
0.0
0.0
0.0
0.0
0.0
0.0
0.0
0.0
0.0
0.0
0.0
0.0
0.0
0.0
0.0
0.0
0.0
0.0
0.0
0.0
0.0
0.0
0.0
0.0
0.0
0.0
0.0
0.0
0.0
0.0
0.0
0.0
0.0
0.0
0.0
0.0
0.0
0.0
0.0
0.0
0.0
0.0
0.0
0.0
0.0
0.0
0.0
0.0
0.0
0.0
0.0
0.0
0.0
0.0
0.0
0.0
0.0
0.0
0.0
0.0
0.0
0.0
0.0
0.0
0.0
0.0
0.0
0.0
0.0
0.0
0.0
0.0
0.0
0.0
0.0
0.0
0.0
0.0
0.0
0.0
0.0
0.0
0.0
0.0
0.0
0.0
0.0
0.0
0.0
0.0
0.0
0.0
0.0
0.0
0.0
0.0
0.0
0.0
0.0
0.0
0.0
0.0
0.0
0.0
0.0
0.0
0.0
0.0
0.0
0.0
0.0
0.0
0.0
0.0
0.0
0.0
0.0
0.0
0.0
0.0
0.0
0.0
0.0
0.0
0.0
0.0
0.0
0.0
0.0
0.0
0.0
0.0
0.0
0.0
0.0
0.0
0.0
0.0
0.0
-0.20912102206512667
0.0
0.0
0.0
0.0
0.0
0.0
0.0
0.0
0.0
0.0
0.0
0.0
0.0
0.0
0.0
0.0
0.0
0.0
0.0
0.0
0.0
0.0
0.0
-0.1394990387595822
-0.1394990387595822
0.0
0.0
0.0
0.0
0.0
-0.16940889198895281
0.0
0.0
-0.11682158229038742
-0.329489321818878
-0.4553628158015235
-0.2485060747519754
0.0
0.0
0.0
0.0
0.0
0.0
0.0
0.0
0.0
0.0
0.0
0.0
0.0
0.0
0.0
0.0
0.0
0.0
0.0
0.0
-0.22403336697103576
-0.5507964328196211
-1.1649708830790282
0.0
0.0
-0.050330448324661936
-0.3937740761208698
-0.5164593440935343
0.0
-0.19705954068862863
-0.33196917420319094
-0.6055642657912232
0.0
0.0
-0.05986118705285781
0.0
0.0
0.0
0.0
-0.2124711570913942
-0.14375592404200455
0.0
0.0
-1.047493594658533
0.0
-1.0523171217579712
-2.225985674434283
-3.4585286457032143
-4.65505219628165
-5.851575746860085
-6.924535492640953
-8.15126418515386
-9.402761258860053
-10.59996872278876
-12.301691501029618
-14.35915778327442
-16.30597493749372
-17.05046262116731
-9.126071740322468
-10.472102638585671
0.0
-1.5156968653525946
-3.0996647228627676
-1.5751738621253741
0.0
-1.7338153878852884
-3.494806954604296
-5.4077514197564005
-4.228513024896311
-1.7344188965093545
-2.938218836856034
-4.474389705684811
-6.090392468297841
-5.360627846139992
-2.255293376708993
-3.45258187246675
-4.626270632907545
0.0
0.0
-1.2126945181567916
-1.992598856605567
-3.009850218631747
0.0
-0.9622370382490499
-1.4966483815132934
-2.9275385345558824
-2.5065381931062727
-3.9293982001574053
-5.641099015494374
-4.8145977105826505
-6.643707676181016
-8.5605115788238
-10.528936292657024
-12.48023350511621
-14.5581548622417
-16.71828862542529
-18.686713339258514
-20.70606055756975
-22.683019851119248
-24.449415888589627
-12.778696760267206
-10.410601222099482
-8.18377334665674
-8.251998227170802
-7.822259786205678
-5.1986601597743185
0.0
0.0
0.0
0.0
-0.3621245672497501
-0.5544234359494815
0.0
0.0
0.0
0.0
0.0
-0.28041240389840444
-0.4670578383943821
-0.9961380629555908
-1.8792458977063098
0.0
-1.0894250137536958
-2.358157309468723
-3.573362671227648
-4.570227867936393
-5.655319743245549
-0.8873326072746295
0.0
0.0
-0.11126821834970338
-0.36451996305976353
-0.6434395328440276
0.0
0.0
0.0
0.0
-0.0710553782428627
-0.267851354061743
0.0
0.0
0.0
0.0
0.0
-0.013605032971020614
0.0
0.0
0.0
0.0
0.0
0.0
0.0
0.0
0.0
0.0
0.0
-0.03002667665958017
0.0
-0.1889692901184796
-0.43628544794334334
0.0
-0.15752542395725966
0.0
-0.19177777759887274
-0.2871358277226378
0.0
0.0
0.0
0.0
0.0
0.0
0.0
-0.22834787949279134
-0.2280242916332555
0.0
0.0
0.0
0.0
0.0
0.0
0.0
0.0
0.0
0.0
0.0
0.0
0.0
0.0
0.0
0.0
0.0
0.0
0.0
0.0
0.0
0.0
0.0
0.0
0.0
0.0
0.0
0.0
0.0
0.0
0.0
0.0
0.0
0.0
0.0
0.0
0.0
0.0
0.0
0.0
0.0
0.0
0.0
0.0
0.0
0.0
0.0
0.0
0.0
0.0
0.0
0.0
0.0
0.0
0.0
0.0
0.0
0.0
0.0
0.0
0.0
0.0
0.0
0.0
0.0
0.0
0.0
0.0
0.0
0.0
0.0
0.0
0.0
0.0
0.0
0.0
0.0
0.0
0.0
0.0
0.0
0.0
0.0
0.0
0.0
0.0
0.0
0.0
0.0
0.0
0.0
0.0
0.0
0.0
0.0
0.0
0.0
0.0
0.0
0.0
0.0
0.0
0.0
0.0
0.0
0.0
0.0
0.0
0.0
0.0
0.0
0.0
0.0
0.0
0.0
0.0
0.0
0.0
0.0
0.0
0.0
0.0
0.0
0.0
0.0
0.0
0.0
0.0
0.0
0.0
0.0
0.0
0.0
0.0
0.0
0.0
0.0
0.0
0.0
0.0
0.0
0.0
0.0
0.0
0.0
0.0
0.0
0.0
0.0
0.0
0.0
0.0
0.0
0.0
0.0
0.0
0.0
0.0
0.0
0.0
0.0
0.0
0.0
0.0
0.0
0.0
0.0
0.0
0.0
0.0
0.0
0.0
0.0
0.0
0.0
0.0
0.0
0.0
0.0
0.0
0.0
0.0
0.0
0.0
0.0
0.0
0.0
0.0
0.0
0.0
0.0
0.0
0.0
0.0
0.0
0.0
0.0
0.0
0.0
0.0
0.0
0.0
-0.07468759454023655
-0.024246938281841324
0.0
0.0
0.0
0.0
0.0
0.0
0.0
0.0
0.0
0.0
0.0
-0.6706108665306592
0.0
0.0
-0.43809164673548817
-0.8499604155084427
0.0
0.0
0.0
0.0
-0.13788941733107118
0.0
-1.050261654955122
0.0
-1.193680960743296
-2.137321109066661
-3.2728139913142726
-3.0959541926978607
-0.12560607048690375
0.0
0.0
-1.2301378652106574
0.0
-0.8560743188005743
-1.9718594736513877
-3.060113156733356
0.0
0.0
0.0
0.0
0.0
0.0
-0.2712871629013407
-1.3352778171072428
0.0
0.0
0.0
0.0
0.0
0.0
-0.036406954758889554
0.0
0.0
0.0
0.0
0.0
0.0
-0.287814597175144
-1.1756915768089893
-2.2940577710493404
-3.3589191184037057
-3.8066935280520426
-4.518425151000143
-5.956022110613174
-2.354049866457548
-2.602009605623499
-2.4190163494188734
-0.7063381951420236
0.0
-1.7136806566563296
0.0
0.0
0.0
0.0
-1.6140228268314627
-2.27201488365751
0.0
0.0
-1.3352284167556088
-2.8405166174815335
-4.388247877158709
-5.969364646389732
-4.986075105114157
-5.5846346171300105
-6.883678765831582
-8.153238206366336
-9.623970551072526
-8.549128815044982
-5.643959428475405
-6.874503120499622
-7.981602449187527
-9.212146141211743
-10.621023000170164
-11.975359159265624
-13.506210417225105
-15.01149861795103
-16.72157609823024
-18.333767309741983
-18.498422665063423
-18.658537591813687
-17.506623723133515
-16.21893248796498
-13.63170088685646
-14.674608548351046
-13.073060789272038
-14.008699470404519
-15.041853051885552
-6.571170649362662
-7.041494354139296
-6.381435773803011
-4.731226211499687
-5.587970806128784
-6.174559531773771
-6.050144112431562
-6.762532936606541
-6.063259128368388
-7.299077821615521
-7.5897826014941066
-8.825191312546778
-2.40252735082752
0.0
0.0
-0.27104687032475117
-0.8316963503892115
-1.3380329228120034
0.0
0.0
0.0
-0.8116701564028916
-1.663033396544221
-2.0739830446795784
-1.9862144609097354
-2.573651929566996
-3.207166348400944
-3.9897902219286894
-4.881627311923148
-5.852225195113736
-6.674259742015741
-7.54303282410626
-8.390165806751295
-7.771854777382313
-7.173447165965947
-2.5877470960495543
-2.680190390628657
-2.7225338444022955
-2.757376118367477
-2.6372644553177422
-2.950320450508433
-3.2314668591956934
-3.399705718193948
-3.399705718193948
-3.397034742645292
-3.3970009560807513
-3.396181977448284
-3.2361284844812412
-3.194393028561584
-2.749689717350691
-2.568551741679375
0.0
0.0
0.0
0.0
0.0
0.0
0.0
0.0
0.0
0.0
0.0
0.0
0.0
0.0
0.0
0.0
0.0
0.0
0.0
0.0
0.0
0.0
0.0
0.0
0.0
0.0
0.0
0.0
0.0
0.0
0.0
0.0
0.0
0.0
0.0
0.0
0.0
0.0
0.0
0.0
0.0
0.0
0.0
0.0
0.0
0.0
0.0
0.0
0.0
0.0
0.0
0.0
0.0
0.0
0.0
0.0
0.0
0.0
0.0
0.0
0.0
0.0
0.0
0.0
0.0
0.0
0.0
0.0
0.0
0.0
0.0
0.0
0.0
0.0
0.0
0.0
0.0
0.0
0.0
0.0
0.0
0.0
0.0
0.0
0.0
0.0
0.0
0.0
0.0
0.0
0.0
0.0
0.0
0.0
0.0
0.0
0.0
0.0
0.0
0.0
0.0
0.0
0.0
0.0
0.0
0.0
0.0
0.0
0.0
0.0
0.0
0.0
0.0
0.0
0.0
0.0
0.0
0.0
0.0
0.0
0.0
0.0
0.0
0.0
0.0
0.0
0.0
0.0
0.0
0.0
0.0
0.0
0.0
0.0
0.0
0.0
0.0
0.0
0.0
0.0
0.0
0.0
0.0
0.0
0.0
0.0
0.0
0.0
0.0
0.0
0.0
0.0
0.0
0.0
0.0
0.0
0.0
0.0
0.0
0.0
0.0
0.0
0.0
0.0
0.0
0.0
0.0
0.0
0.0
0.0
0.0
0.0
0.0
0.0
0.0
0.0
0.0
0.0
0.0
0.0
0.0
0.0
0.0
0.0
0.0
0.0
0.0
0.0
0.0
0.0
0.0
0.0
0.0
0.0
0.0
0.0
0.0
0.0
0.0
0.0
0.0
0.0
0.0
0.0
0.0
0.0
0.0
0.0
0.0
0.0
0.0
0.0
0.0
0.0
0.0
0.0
0.0
0.0
0.0
0.0
0.0
-0.025971941003921972
-0.15299364649927075
0.0
-0.10094578502900696
0.0
0.0
0.0
0.0
0.0
0.0
0.0
0.0
-0.10670437369572472
-0.3385762618497059
-0.4452806355454306
-1.3390571231993285
-2.078659645913026
-1.7960294111654715
-2.983146784994363
0.0
-1.1606548183934604
0.0
0.0
-0.5557368345570721
0.0
0.0
-1.2800215462544928
-2.565371202243937
-3.826234847578192
-4.507453479013126
-5.7504866715313945
-6.291632220815805
-6.021218548917206
-3.7907913016737345
-4.486429737044127
-5.964903531536542
-7.504324084962095
-1.1604581715697924
0.0
0.0
-0.9570004261594942
-1.9225316894157278
-3.008761403292181
-3.662311156838864
-2.4628298674982756
0.0
0.0
-1.271729088807638
0.0
-1.0160180526131992
0.0
0.0
-1.005492451539772
-1.9710237147960057
-3.2549183166499196
-4.665790435292518
-6.120603867559827
0.0
0.0
0.0
0.0
-1.2229204685946136
-2.714883394148048
-4.32841745719434
-6.12029720971068
-0.7203022501419944
-2.167033586741119
-3.548615674050782
-4.25567905163786
-1.0707396608102027
0.0
-1.5965902228690203
-3.2185466481214853
-4.090007953011855
-5.463179175025697
-6.963261529125514
-5.594508606726672
-3.167952516282975
-4.07563345921457
-4.773742551215047
-4.000394095030009
-5.000429093152702
-0.39056732562866614
-1.2739036091998486
-2.329556892379114
0.0
0.0
0.0
-0.43631213840890315
-1.0502836784277143
-1.6756699122115664
-2.120854962692886
-1.5393240865393705
-1.9760708079534814
-2.996537626785493
0.0
0.0
-0.5587553390797542
-0.94520679519953
-2.196224450195573
-3.2621546094794276
-4.507498825070196
-5.217548510117432
-5.953673321431445
-7.03305528052219
-7.983927056622929
-8.967832205858777
-10.087449396956496
-11.486390766980392
-12.684382033998643
-13.39443171904588
-14.104481404093116
-14.878745521866211
-15.665481578464103
-16.108646535797774
-17.036306254937177
-18.175838677976717
-19.41179669794426
-20.17359688048951
-21.10513000432871
-22.130528367262404
-22.535571183893595
-22.151428242823037
-23.04196314923866
-22.878733300651362
-19.338960106730745
-17.856241830297176
-18.167112127591142
-18.489812491175513
-18.95547943405325
-19.30592796341387
-19.79788887179804
-19.903744847271614
-15.685687024085219
-16.171115749756318
-16.481521251676952
-15.445063909782867
-15.774974752388898
-16.18541843903094
-16.519928192640666
-16.726165812867034
-16.726165812867034
-16.726165812867034
-16.726165812867034
-16.726165812867034
-16.726165812867034
-16.726165812867034
-16.726165812867034
-17.076614342227654
-17.076614342227654
-16.339179294433297
-15.59750466696451
-15.486123655423626
-15.322837794981837
-15.322837794981837
-15.322837794981837
-15.322837794981837
-15.322837794981837
-15.322837794981837
-15.322837794981837
-15.322837794981837
-15.289377700740408
-15.020679260421177
-14.947361544183561
-14.812455140407161
-13.149297905440614
-9.732523191116336
-5.938172644469109
-5.851168414247496
-4.9634568775672125
0.0
0.0
0.0
0.0
0.0
0.0
0.0
0.0
0.0
0.0
0.0
0.0
0.0
0.0
0.0
0.0
0.0
0.0
0.0
0.0
0.0
0.0
0.0
0.0
0.0
0.0
0.0
0.0
0.0
0.0
0.0
0.0
0.0
0.0
0.0
0.0
0.0
0.0
0.0
0.0
0.0
0.0
0.0
0.0
0.0
0.0
0.0
0.0
0.0
0.0
0.0
0.0
0.0
0.0
0.0
0.0
0.0
0.0
0.0
0.0
0.0
0.0
0.0
0.0
0.0
0.0
0.0
0.0
0.0
0.0
0.0
0.0
0.0
0.0
0.0
0.0
0.0
0.0
0.0
0.0
0.0
0.0
0.0
0.0
0.0
0.0
0.0
0.0
0.0
0.0
0.0
0.0
0.0
0.0
0.0
0.0
0.0
0.0
0.0
0.0
0.0
0.0
0.0
0.0
0.0
0.0
0.0
0.0
0.0
0.0
0.0
0.0
0.0
0.0
0.0
0.0
0.0
0.0
0.0
0.0
0.0
0.0
0.0
0.0
0.0
0.0
0.0
0.0
0.0
0.0
0.0
0.0
0.0
0.0
0.0
0.0
0.0
0.0
0.0
0.0
0.0
0.0
0.0
0.0
0.0
0.0
0.0
0.0
0.0
0.0
0.0
0.0
0.0
0.0
0.0
0.0
0.0
0.0
0.0
0.0
0.0
0.0
0.0
0.0
0.0
0.0
0.0
0.0
0.0
0.0
0.0
0.0
0.0
0.0
0.0
0.0
0.0
0.0
0.0
0.0
0.0
0.0
0.0
0.0
0.0
0.0
0.0
0.0
0.0
0.0
0.0
0.0
0.0
0.0
0.0
0.0
0.0
0.0
0.0
0.0
0.0
0.0
0.0
0.0
0.0
0.0
0.0
0.0
0.0
0.0
0.0
0.0
0.0
0.0
0.0
0.0
0.0
0.0
0.0
0.0
-0.3909745425490433
-0.7729575267217094
-1.1827383637419058
-1.2596531558031028
-2.2409678927030425
-3.2650738553516674
-4.316059026499427
-5.377260952866069
-6.43752917106025
-7.500541962829956
-1.071777875955001
0.0
-1.7817511061831393
-2.388434371451139
-3.039295917706629
0.0
-0.05058363137606836
-1.244067279088601
-2.707025654949894
-4.0641297909352545
-5.546923603770214
-7.204957458039801
-8.808630516172816
-10.448638307534472
-12.195464651751557
-14.071689457262226
-16.089244023497756
-18.077844790670326
-20.085765931961753
-22.245783776376292
-24.292133359480246
-26.300054500771672
-28.13852512729719
-30.02061233100801
-29.109201156717223
-30.81733774038862
-17.196573172885216
-9.099254145609073
-9.447021386843543
-2.115028228553972
0.0
-1.3640138225248533
-2.8469197650377254
-1.8052559363891731
-3.5463294383992174
-3.3588681262887894
-4.935829658538492
-6.540585923546532
-6.957951237298795
-3.878770776686295
-5.380667879908053
-6.948322596893823
-8.344571565746143
-9.874783549100261
-11.791485443801848
-13.585937288935128
-15.424407915460646
-8.303072398081705
-9.141956564070608
-10.295964884483706
-11.740604047793717
-12.290772716257703
-13.155794995361246
-14.142794345797707
-15.185054567149749
-16.68361487424393
-17.7800068383507
-19.222741159042688
-20.501083525813478
-21.887144356327692
-23.305697272498975
-24.575610256840385
-25.36970225747202
-26.622691214638262
-27.934539408243097
-29.179033198578452
-30.423526988913807
-25.899065669326855
-25.691125534742493
-17.25984782295831
-14.044225005659996
-13.99763495193036
-13.484595656123107
-14.352406206096449
-15.664254399701283
-17.05846560957776
-18.1637773485567
-19.365452795357218
-20.425877239580842
-21.39249189562332
-21.98297424542336
-23.043398689646985
-24.00094675399268
-24.544387930671878
-25.35512257218739
-26.06671004911784
-26.81961327895867
-27.393286687829516
-27.740454415940384
-28.028563809208165
-28.364239634742802
-28.94734084365069
-29.22982818107923
-29.82162088409123
-30.101240715830315
-30.101240715830315
-30.101240715830315
-30.087627323931194
-30.013015650578662
-28.459192581524267
-25.15758122104502
-19.901968285781386
-19.535389170689548
-19.535389170689548
-19.535389170689548
-19.535389170689548
-19.535389170689548
-19.511051372445632
-19.500261307606927
-19.403092841063973
-16.62471864711638
-16.107908953138235
-13.341670136298358
-11.039171741366815
-11.039171741366815
-11.039171741366815
-11.039171741366815
-11.039171741366815
-11.039171741366815
-10.938922001553847
-10.080839929296827
-10.011480902325019
-10.002229659902966
-9.85535119592536
-9.537723178317396
-9.537723178317396
-9.537723178317396
-9.537723178317396
-9.52404626790809
-9.099953142390765
-9.095041314949503
-9.095041314949503
-9.095041314949503
-9.095041314949503
-9.095041314949503
-8.737899409553952
-7.156700760173126
-7.085861703279967
-7.085861703279967
-7.085861703279967
-7.085861703279967
-7.085861703279967
-7.036957840185162
-7.036957840185162
-7.036957840185162
-7.036957840185162
-7.036957840185162
-7.036957840185162
-7.036957840185162
-7.036957840185162
-7.036957840185162
-7.036957840185162
-7.036957840185162
-7.036957840185162
-7.036957840185162
-7.036957840185162
-7.036957840185162
-7.036957840185162
-7.036957840185162
-7.036957840185162
-7.036957840185162
-7.036957840185162
-7.036957840185162
-7.036957840185162
-7.036957840185162
-7.036957840185162
-7.036957840185162
-7.036957840185162
-7.036957840185162
-5.634947984443141
-5.621334592544018
-5.596656025461774
-5.596656025461774
-5.596656025461774
-5.596656025461774
-5.596656025461774
-5.596656025461774
-5.596656025461774
-5.596656025461774
-5.596656025461774
-5.442679709089204
-5.442679709089204
-5.442679709089204
-5.442679709089204
-5.442679709089204
-5.442679709089204
-5.442679709089204
-5.442679709089204
-5.442679709089204
-5.338846112506588
-5.338846112506588
-5.3008349460905
-5.3008349460905
-5.3008349460905
-5.3008349460905
-5.3008349460905
-5.214466111723335
-4.644558273947019
-4.644558273947019
-4.633174869751466
-4.606266142064494
-4.606266142064494
-4.313002202805465
-4.313002202805465
-4.313002202805465
-4.313002202805465
-4.313002202805465
-4.313002202805465
-4.313002202805465
-4.313002202805465
-4.313002202805465
-4.313002202805465
-4.044303762486234
-4.044303762486234
-4.044303762486234
-4.044303762486234
-4.044303762486234
-3.9219681764495666
-2.9564923102486227
-2.5899177492655445
-2.5899177492655445
-2.5899177492655445
-2.5194148943424355
0.0
0.0
0.0
0.0
0.0
0.0
0.0
0.0
0.0
0.0
0.0
0.0
0.0
0.0
0.0
0.0
0.0
0.0
0.0
0.0
0.0
0.0
0.0
0.0
0.0
0.0
0.0
0.0
0.0
0.0
0.0
0.0
0.0
0.0
0.0
0.0
0.0
0.0
0.0
0.0
0.0
0.0
0.0
0.0
0.0
0.0
0.0
0.0
0.0
0.0
0.0
0.0
0.0
0.0
0.0
-0.02763707763422263
-0.06222759449539034
-0.06222759449539034
-0.06222759449539034
-0.06222759449539034
-0.1229509366505368
0.0
0.0
0.0
0.0
0.0
0.0
0.0
0.0
0.0
0.0
0.0
0.0
0.0
0.0
0.0
0.0
0.0
0.0
0.0
0.0
0.0
0.0
0.0
0.0
0.0
0.0
0.0
0.0
0.0
0.0
0.0
0.0
0.0
0.0
0.0
0.0
0.0
-0.3987439169154551
0.0
0.0
-0.21365703310122086
-0.3796820300474162
-0.36735312459490466
-0.7010309953400533
-1.4090584314548522
-2.479248288118263
-2.2587523335368376
-3.414835950413945
-4.612190997490395
-5.806911606331587
-6.969498349690239
-4.056428234791728
-4.57904023909356
-5.616345742125615
-6.368228853905759
-4.342594738306652
-4.722014867518666
-5.7457125511704215
-6.926569609780011
-8.098525889523138
-4.79888763891872
-1.4283622569888808
-2.832688651229926
-1.2762368752507065
-2.888834856066172
-1.7900264100145509
-1.1739039314747663
0.0
0.0
-1.3452047098502082
-3.104754786312064
-5.030528672575382
-6.561873797460608
-8.578900682228037
-10.316964444209844
-12.305838236551182
-11.336319414345605
-13.403382885369577
-15.392256677710915
-10.986849415010614
-1.630529568896268
-2.532403993361925
0.0
0.0
0.0
-1.8271968151714837
0.0
0.0
-1.2965703981606007
-2.2642338469108587
-0.2845373574254535
-1.9527278848644116
-1.1402481434534981
-2.507775666635578
-4.406629024609705
0.0
0.0
0.0
0.0
0.0
0.0
-0.6631549787566762
-1.9342823770972237
0.0
0.0
-0.8176471979639618
-1.894114174555062
-3.2302348206185423
-3.725528251036689
-1.2738911706911584
0.0
-1.2644909693020192
-2.7049992475111377
0.0
0.0
0.0
-1.3361206460634805
-2.2707696820127037
-3.7714716786620794
-4.976292021150319
-5.41614382141155
-6.092905935046566
-2.1182841392126246
-3.6231637570363278
-5.1338195175352395
-1.838140177737221
-3.1742608238007017
-4.445725937625012
-1.3397060895929869
-2.769687574951835
-3.642142833977803
-4.358199131189529
-5.296921392829886
-6.336796159875807
-7.725494413507838
-9.088279141062072
-10.94594785407456
-12.393305327420597
-13.60522870716844
-14.807959734362782
-16.280162197677313
-8.828256396848882
-9.486495639684485
-10.334228260163762
0.0
-0.8808272730425963
-1.7291625947661196
-2.153834107891625
-1.6690675694090435
0.0
0.0
-0.6355436426397956
-1.3043270548175983
-0.6599986160040883
-0.6566600877809017
-1.1723622725267404
0.0
-0.5886361665996231
-1.2952361682087692
-1.964019580386572
-2.6581364265400067
-3.3269198387178096
-4.102577134291861
-4.913763291127426
-0.623997153609305
0.0
0.0
0.0
0.0
0.0
0.0
-0.1304069296393291
-0.28456794148454245
-0.4421530099927454
-0.7497221111026816
-1.046457555794941
-1.4509736052894415
-1.935774807954362
-2.2602009129841543
-0.1264576145759424
0.0
0.0
0.0
0.0
0.0
0.0
0.0
0.0
0.0
0.0
0.0
0.0
0.0
0.0
0.0
0.0
0.0
0.0
0.0
0.0
0.0
0.0
0.0
0.0
0.0
0.0
0.0
0.0
0.0
0.0
0.0
0.0
0.0
0.0
0.0
0.0
0.0
0.0
0.0
0.0
0.0
0.0
0.0
0.0
0.0
0.0
0.0
0.0
0.0
0.0
0.0
0.0
0.0
0.0
0.0
0.0
0.0
0.0
0.0
0.0
0.0
0.0
0.0
0.0
0.0
0.0
0.0
0.0
0.0
0.0
0.0
0.0
0.0
0.0
0.0
0.0
0.0
0.0
0.0
0.0
0.0
0.0
0.0
0.0
0.0
0.0
0.0
0.0
0.0
0.0
0.0
0.0
0.0
0.0
0.0
0.0
0.0
0.0
0.0
0.0
0.0
0.0
0.0
0.0
0.0
0.0
0.0
0.0
0.0
0.0
0.0
0.0
0.0
0.0
0.0
0.0
0.0
0.0
0.0
0.0
0.0
0.0
0.0
0.0
0.0
0.0
0.0
0.0
0.0
0.0
0.0
0.0
0.0
0.0
0.0
0.0
0.0
0.0
0.0
0.0
0.0
0.0
0.0
0.0
0.0
0.0
0.0
0.0
0.0
0.0
0.0
0.0
0.0
0.0
0.0
0.0
0.0
0.0
0.0
0.0
0.0
0.0
0.0
0.0
0.0
0.0
0.0
0.0
0.0
0.0
0.0
0.0
0.0
0.0
0.0
0.0
0.0
0.0
0.0
0.0
0.0
0.0
0.0
0.0
0.0
0.0
0.0
0.0
0.0
0.0
0.0
0.0
0.0
0.0
0.0
0.0
0.0
0.0
0.0
0.0
0.0
0.0
0.0
0.0
0.0
0.0
0.0
0.0
0.0
0.0
0.0
0.0
0.0
0.0
0.0
0.0
-0.07853162079904208
-0.06820874381823988
-0.17014092398172748
-0.05231294778132928
0.0
0.0
0.0
0.0
0.0
0.0
0.0
0.0
0.0
0.0
0.0
0.0
0.0
0.0
0.0
0.0
0.0
0.0
0.0
0.0
0.0
0.0
0.0
0.0
0.0
0.0
0.0
0.0
0.0
0.0
0.0
0.0
0.0
0.0
0.0
0.0
0.0
0.0
0.0
0.0
0.0
0.0
0.0
0.0
0.0
0.0
0.0
0.0
0.0
-0.480111440303941
-1.1806510416483784
-1.898429482170287
-2.296902390256575
-2.8901529245354314
-1.5349647453091686
0.0
0.0
-0.6972246179430783
-0.6360864357248381
-0.3753530514753709
0.0
0.0
-1.0972657074886767
-2.3613967827737383
-3.63670907973758
-2.6766939151010143
0.0
-0.24975234475371333
-0.4722179641162172
0.0
0.0
0.0
0.0
0.0
-0.5313085773025085
-1.4289250631053672
-2.363359413994217
0.0
0.0
-1.0633475702937005
0.0
0.0
0.0
0.0
-1.334150882728986
-2.610385808569081
-0.4696582843987249
-1.7621463543856424
-3.1759808053485727
-4.5006067951881015
-0.812213591693264
-2.4539846314981757
-3.8350423898191037
-5.517395237046904
0.0
0.0
0.0
0.0
-0.9968767598980866
-2.1166727166878685
-3.52966303010947
-5.080087624274075
-6.542279957956176
-6.640196114317818
-8.319417007986793
-9.77465683458205
-11.122441236598078
-12.154324007463885
-12.932379753796134
-13.982062403288268
-15.067037623593002
0.0
0.0
-1.031395712593898
-2.39387057690122
-3.4961246306654052
-4.681726565151852
-5.813568586783908
-6.999170521270354
-0.3697269037917428
-0.8654246095678851
-1.1397775313638132
-2.0854273624274717
-3.051025377613382
-4.346427456407378
-5.701571882444073
-6.862650933312256
0.0
-0.4691395482992315
-0.4691395482992315
-0.4691395482992315
-0.4691395482992315
-0.6665141169087855
-1.143216903131257
-1.43305531855962
-0.14040481218081857
-0.5787753773466984
0.0
0.0
-0.3824088753749799
-0.5102252891463006
-1.0473162796303939
-1.5369132559151881
-1.5488577915101414
-2.0333450060162717
-2.5594218235392496
-3.2819940145569637
-3.602940591295207
-3.531269292679066
-3.7887656761328317
-4.043045552567178
-4.674817821654528
-5.475825565695746
-6.299904899963776
-6.895555496986036
-7.457021236993077
-5.182197176838515
0.0
-0.47368271184146166
-1.09152560138381
-1.09152560138381
-1.09152560138381
-1.09152560138381
-1.3087464570327714
-1.4767864567297126
-1.4767864567297126
-1.4767864567297126
-1.4767864567297126
-1.4767864567297126
-1.4767864567297126
-1.4767864567297126
-1.446398464015233
-0.6261790612276353
-0.6261790612276353
-0.6261790612276353
-0.6261790612276353
-0.6261790612276353
-0.6261790612276353
-0.6261790612276353
0.0
0.0
0.0
0.0
0.0
0.0
0.0
0.0
0.0
0.0
0.0
0.0
0.0
0.0
0.0
0.0
0.0
0.0
0.0
0.0
0.0
0.0
0.0
0.0
0.0
0.0
0.0
0.0
0.0
0.0
0.0
0.0
0.0
0.0
0.0
0.0
0.0
0.0
0.0
0.0
0.0
0.0
0.0
0.0
0.0
0.0
0.0
0.0
0.0
0.0
0.0
0.0
0.0
0.0
0.0
0.0
0.0
0.0
0.0
0.0
0.0
0.0
0.0
0.0
0.0
0.0
0.0
0.0
0.0
0.0
0.0
0.0
0.0
0.0
0.0
0.0
0.0
0.0
0.0
0.0
0.0
0.0
0.0
0.0
0.0
0.0
0.0
0.0
0.0
0.0
0.0
0.0
0.0
0.0
0.0
0.0
0.0
0.0
0.0
0.0
0.0
0.0
0.0
0.0
0.0
0.0
0.0
0.0
0.0
0.0
0.0
0.0
0.0
0.0
0.0
0.0
0.0
0.0
0.0
0.0
0.0
0.0
0.0
0.0
0.0
0.0
0.0
0.0
0.0
0.0
0.0
0.0
0.0
0.0
0.0
0.0
0.0
0.0
0.0
0.0
0.0
0.0
0.0
0.0
0.0
0.0
0.0
0.0
0.0
0.0
0.0
0.0
0.0
0.0
0.0
0.0
0.0
0.0
0.0
0.0
0.0
0.0
0.0
0.0
0.0
0.0
0.0
0.0
0.0
0.0
0.0
0.0
0.0
0.0
0.0
0.0
0.0
0.0
0.0
0.0
0.0
0.0
0.0
0.0
0.0
0.0
0.0
0.0
0.0
0.0
0.0
0.0
0.0
0.0
0.0
0.0
0.0
0.0
0.0
0.0
0.0
0.0
0.0
0.0
0.0
0.0
0.0
0.0
0.0
0.0
0.0
0.0
0.0
0.0
0.0
0.0
0.0
0.0
0.0
0.0
-0.08712637585140226
0.0
0.0
0.0
0.0
0.0
-0.15300950974521704
0.0
0.0
0.0
0.0
0.0
-0.1891000480473634
0.0
0.0
0.0
0.0
-0.10956041485398371
0.0
0.0
0.0
0.0
0.0
0.0
0.0
0.0
0.0
0.0
0.0
0.0
-0.10741486032641734
-0.5814729424515219
0.0
0.0
-0.4740580821251046
-0.02460160776530218
0.0
0.0
0.0
0.0
-0.5079431912953423
-1.4042468665180048
-2.253097737998346
-3.1478960488836103
-4.063209747618796
0.0
-1.0576312816536564
-2.1122820817854437
-3.1699133634391004
-4.240392112586912
-5.310870861734724
-6.382565825707856
-1.0788546024854373
0.0
0.0
0.0
0.0
0.0
-1.3410636592871035
0.0
0.0
-0.8795172493151829
-2.029185708098701
-3.0928908277835534
-4.099803162871552
-5.546171350485956
-6.86013371325135
-8.101641019756567
-9.095193442251178
-10.409155805016573
-11.816662439970067
-13.14937803525181
-13.820559912088395
0.0
-1.0906436799127497
-2.284926081277952
-3.5187974840681053
-4.783682674750389
-6.040866897084975
-7.274738299875128
-8.62218543983472
-9.954901035116464
-11.165132909778421
-12.335192132522705
-13.529474533887907
-14.658325867530106
-15.744743090255758
-16.97077174145316
-18.13267359739259
-19.26152493103479
-20.295446638573864
-21.112003994548154
-19.26695372184546
-19.645963141116603
-20.495136229721652
-19.613150621809638
-18.183091100874734
-18.777489559969933
-18.033157584606286
-18.82563255406856
-19.13470094298589
-20.00432358499915
-20.879173776320965
0.0
0.0
-0.4421874360986477
-1.2596531601215886
0.0
0.0
0.0
-0.2319134457177347
-0.2319134457177347
-0.2319134457177347
-0.2319134457177347
-0.2319134457177347
-0.276758612813567
-0.510353318328034
-0.7251052158593789
-0.9222157506396615
0.0
-0.24845133517786397
-0.18997364092246596
-0.18997364092246596
-0.18997364092246596
-0.18997364092246596
-0.18997364092246596
-0.18997364092246596
-0.18997364092246596
-0.18997364092246596
0.0
0.0
0.0
0.0
0.0
0.0
0.0
0.0
0.0
0.0
0.0
0.0
0.0
0.0
0.0
0.0
0.0
0.0
0.0
0.0
0.0
0.0
0.0
0.0
0.0
0.0
0.0
0.0
0.0
0.0
0.0
0.0
0.0
0.0
0.0
0.0
0.0
0.0
0.0
0.0
0.0
0.0
0.0
0.0
0.0
0.0
0.0
0.0
0.0
0.0
0.0
0.0
0.0
0.0
0.0
0.0
0.0
0.0
0.0
0.0
0.0
0.0
0.0
0.0
0.0
0.0
0.0
0.0
0.0
0.0
0.0
0.0
0.0
0.0
0.0
0.0
0.0
0.0
0.0
0.0
0.0
0.0
0.0
0.0
0.0
0.0
0.0
0.0
0.0
0.0
0.0
0.0
0.0
0.0
0.0
0.0
0.0
0.0
0.0
0.0
0.0
0.0
0.0
0.0
0.0
0.0
0.0
0.0
0.0
0.0
0.0
0.0
0.0
0.0
0.0
0.0
0.0
0.0
0.0
0.0
0.0
0.0
0.0
0.0
0.0
0.0
0.0
0.0
0.0
0.0
0.0
0.0
0.0
0.0
0.0
0.0
0.0
0.0
0.0
0.0
0.0
0.0
0.0
0.0
0.0
0.0
0.0
0.0
0.0
0.0
0.0
0.0
0.0
0.0
0.0
0.0
0.0
0.0
0.0
0.0
0.0
0.0
0.0
0.0
0.0
0.0
0.0
0.0
0.0
0.0
0.0
0.0
0.0
0.0
0.0
0.0
0.0
0.0
0.0
0.0
0.0
0.0
0.0
0.0
0.0
0.0
0.0
0.0
0.0
0.0
0.0
0.0
0.0
0.0
0.0
0.0
0.0
0.0
0.0
0.0
0.0
0.0
0.0
0.0
0.0
0.0
0.0
0.0
0.0
0.0
0.0
0.0
0.0
0.0
0.0
0.0
0.0
0.0
0.0
0.0
0.0
0.0
-0.14089791995863077
0.0
0.0
0.0
0.0
0.0
0.0
0.0
0.0
0.0
0.0
0.0
0.0
0.0
0.0
0.0
-0.09377636024301539
0.0
0.0
0.0
0.0
0.0
0.0
0.0
0.0
0.0
0.0
0.0
0.0
0.0
0.0
0.0
0.0
0.0
0.0
0.0
0.0
0.0
-0.11539885657389504
0.0
-1.0513942902121822
-1.7613917987273644
-2.8183438953854214
-4.0208440346316054
-5.2102771295462205
-6.086153700455973
-6.173455742297774
-3.075752953444838
-4.4697176206459055
-6.331774279620563
-8.144298555794398
-9.829343329635783
0.0
-1.3857709144491444
-2.5392708464918394
-3.7168499496980933
0.0
0.0
0.0
0.0
0.0
0.0
-1.1805544727376762
-2.63659124640747
0.0
0.0
-1.2244839972968276
-2.418864752292354
-3.741142848903854
-5.415775465824449
-7.058281241288473
-8.451979928637206
-5.695571660538287
-7.161609307434213
-8.529105470086304
-9.923951567529112
-9.960525891587364
-8.433582476289697
-5.772608740377235
-5.476513652196939
-5.621407008954623
-6.092354706573808
-7.24183676910649
-8.690825253930424
-9.77790547264682
-9.505232998313664
-1.1048739917586392
-1.8661052980094013
-1.307514079724345
-2.290059353334212
0.0
-1.169242194102852
0.0
-0.3995417862602174
0.0
-0.1949352686886015
-1.0659152453438494
-2.1657000559039217
0.0
0.0
0.0
0.0
0.0
-0.15838370806511415
0.0
-0.777215691196943
-1.810025707241216
0.0
-0.7298979469181343
-1.677036166626881
-2.485251475408546
-3.2420374236271696
0.0
-0.25175343393381167
-0.9463302406171078
-1.6522459734936124
0.0
-0.2628409422923197
-0.5509006493225512
-1.1737006004856703
-1.7666579854125417
-2.231129833997708
-2.8019163058285534
-3.3385432975041534
-4.033351317425622
-4.72402534706657
-5.4231676515436
-6.221795936817432
-6.1044016572542885
-5.11702579336712
-5.2132462116352976
-5.658444110715246
-6.097500654522701
-5.595809521396983
-6.157985023183168
-5.990510792499378
0.0
0.0
0.0
-0.030414700215588068
-0.030414700215588068
-0.030414700215588068
0.0
0.0
0.0
0.0
0.0
0.0
0.0
0.0
0.0
0.0
0.0
0.0
0.0
0.0
0.0
0.0
0.0
0.0
0.0
0.0
0.0
0.0
0.0
0.0
0.0
0.0
0.0
0.0
0.0
0.0
0.0
0.0
0.0
0.0
0.0
0.0
0.0
0.0
0.0
0.0
0.0
0.0
0.0
0.0
0.0
0.0
0.0
0.0
0.0
0.0
0.0
0.0
0.0
0.0
0.0
0.0
0.0
0.0
0.0
0.0
0.0
0.0
0.0
0.0
0.0
0.0
0.0
0.0
0.0
0.0
0.0
0.0
0.0
0.0
0.0
0.0
0.0
0.0
0.0
0.0
0.0
0.0
0.0
0.0
0.0
0.0
0.0
0.0
0.0
0.0
0.0
0.0
0.0
0.0
0.0
0.0
0.0
0.0
0.0
0.0
0.0
0.0
0.0
0.0
0.0
0.0
0.0
0.0
0.0
0.0
0.0
0.0
0.0
0.0
0.0
0.0
0.0
0.0
0.0
0.0
0.0
0.0
0.0
0.0
0.0
0.0
0.0
0.0
0.0
0.0
0.0
0.0
0.0
0.0
0.0
0.0
0.0
0.0
0.0
0.0
0.0
0.0
0.0
0.0
0.0
0.0
0.0
0.0
0.0
0.0
0.0
0.0
0.0
0.0
0.0
0.0
0.0
0.0
0.0
0.0
0.0
0.0
0.0
0.0
0.0
0.0
0.0
0.0
0.0
0.0
0.0
0.0
0.0
0.0
0.0
0.0
0.0
0.0
0.0
0.0
0.0
0.0
0.0
0.0
0.0
0.0
0.0
0.0
0.0
0.0
0.0
0.0
0.0
0.0
0.0
0.0
0.0
0.0
0.0
0.0
0.0
0.0
0.0
0.0
0.0
0.0
0.0
0.0
0.0
0.0
0.0
0.0
0.0
0.0
0.0
0.0
0.0
0.0
0.0
0.0
0.0
0.0
0.0
0.0
0.0
0.0
0.0
0.0
0.0
-0.33414731762613636
-0.712509783976971
-1.612498554851349
-0.184259954091456
0.0
-0.7860293230652584
-1.8046700315337607
-2.880680952535336
-0.7580080252088184
-1.7632392741513796
-2.871815300710029
-3.9442328117079715
-5.082874546505028
-4.464393142403901
-6.028687002369011
-7.66558004697961
-9.067887782618339
-10.04301213159263
-11.560816921330122
-11.744174334025777
-13.1494917197227
-14.544557301921923
-14.903828705406616
-11.539898071182078
0.0
-0.43103741212991176
-2.0327415363506445
-0.5229602337337549
-2.0769912313782966
-2.6410781676088515
-4.086955137634945
-3.4912355760799185
-5.213056058611935
0.0
0.0
0.0
0.0
0.0
-0.7449255365934517
-2.4757734055610525
-2.937245695672722
0.0
-0.9521367795048311
-2.4721949132953323
0.0
0.0
-1.505480932232395
-3.271471183973576
0.0
0.0
-1.6750145142369304
0.0
-1.303340509118807
-2.013764792118078
-3.304797842040518
-4.828869627724073
-6.522272682234426
-6.558992682611542
-8.3069771521387
-1.993787128754918
0.0
0.0
-1.6004281857521683
-3.219662470502424
-4.354613387079042
-5.780470679575961
-6.666489709158297
-7.375016122429989
-8.699166314045417
-9.237517273168747
-10.683281079372048
-10.182790995952667
-11.399153329464472
-12.649736846160064
-10.903451825306583
-9.238595868642133
-10.256548352835715
-11.260290334419219
-12.617026641125479
-14.032142497165378
-15.082614254917669
-15.837679761085784
-17.02830960845346
-14.719495272346391
-15.998437262112578
-17.153642513315265
-18.371931772043776
-19.563390788261493
-18.19114619931075
-16.546945552899523
-14.112702207262082
-14.714416737464067
-15.475242287954314
-16.68462129776611
-17.36062454577641
-18.64906581374602
-19.96332473697438
-21.208151820336315
-22.556446217465243
-23.913182524171503
-25.122561533983298
-26.268613505018237
-27.32094552529466
-28.420678920547118
-23.660997778131836
-23.52088517682348
-23.260151714965076
-23.324996857467042
-23.323976272775354
-23.323976272775354
-23.323976272775354
-23.323976272775354
-23.20718635094533
-23.17815563804799
-23.17815563804799
-23.17815563804799
-23.17815563804799
-23.509926307884047
-20.98152545942848
-17.725776776288594
-17.61189291800427
-17.481259546641784
-16.920371646993186
-15.033600808496045
-7.865518409301186
-4.552258906525971
-4.57083648358799
-4.811925482212559
-5.250900963786044
-5.6814303691377255
-5.145282407840714
-5.135987778902277
-5.633397634465623
-5.633397634465623
-5.947629948249713
-6.307065483078879
-6.207756339957154
-6.445665740961286
-6.445665740961286
-6.394145391957787
-6.506948414516593
-6.51349217296334
-6.520035931410087
-6.520035931410087
-6.520035931410087
-6.520035931410087
-6.520035931410087
-6.520035931410087
-6.520035931410087
-6.520035931410087
-6.520035931410087
-3.6966232024678973
-3.429393650914842
-2.9185668682582757
-2.5577886477265483
-2.5577886477265483
-2.4707660897127255
-2.4707660897127255
-2.4707660897127255
-2.4707660897127255
-2.303337521689506
-2.0469930018747906
0.0
0.0
0.0
0.0
0.0
0.0
0.0
0.0
0.0
0.0
0.0
0.0
0.0
0.0
0.0
0.0
0.0
0.0
0.0
0.0
0.0
0.0
0.0
0.0
0.0
0.0
0.0
0.0
0.0
0.0
0.0
0.0
0.0
0.0
0.0
0.0
0.0
0.0
0.0
0.0
0.0
0.0
0.0
0.0
0.0
0.0
0.0
0.0
0.0
0.0
0.0
0.0
0.0
0.0
0.0
0.0
0.0
0.0
0.0
0.0
0.0
0.0
0.0
0.0
0.0
0.0
0.0
0.0
0.0
0.0
0.0
0.0
0.0
0.0
0.0
0.0
0.0
0.0
0.0
0.0
0.0
0.0
0.0
0.0
0.0
0.0
0.0
0.0
0.0
0.0
0.0
0.0
0.0
0.0
0.0
0.0
0.0
0.0
0.0
0.0
0.0
0.0
0.0
0.0
0.0
0.0
0.0
0.0
0.0
0.0
0.0
0.0
0.0
0.0
0.0
0.0
0.0
0.0
0.0
0.0
0.0
0.0
0.0
0.0
0.0
0.0
0.0
0.0
0.0
0.0
0.0
0.0
0.0
0.0
0.0
0.0
0.0
0.0
0.0
0.0
0.0
0.0
0.0
0.0
0.0
0.0
0.0
0.0
0.0
0.0
0.0
0.0
0.0
0.0
0.0
0.0
0.0
0.0
0.0
0.0
0.0
0.0
0.0
0.0
0.0
0.0
-0.09163047403476265
0.0
0.0
0.0
0.0
0.0
0.0
0.0
-0.3820747186901198
-0.9196417267389098
0.0
0.0
0.0
-0.3971239160990687
-0.30447933675278416
-0.010323206206260427
0.0
0.0
-0.9243341648070336
0.0
0.0
0.0
0.0
0.0
0.0
0.0
0.0
0.0
0.0
0.0
0.0
0.0
-1.0236161369559396
-2.158522918148915
-3.3160190705484087
-4.485367245956674
-5.636473576039018
-6.295183641254345
-6.211096086678624
-7.346002867871599
-8.768881539843784
-10.513729445544715
-12.298236239849398
-14.11929146403252
-15.848116516334567
-17.20532929427487
-19.13348766451055
-21.052859084086183
-22.927926177240405
-24.873586449480744
-26.88125171220768
-28.71423791170211
-20.670549600629215
-22.512423737917633
-23.376127608156153
-25.010143816186634
-17.737198138261068
-16.026508859646498
-17.189884052391072
-19.011504700028674
-20.893561979334695
-22.785599242081
-24.627473379369416
-26.28284238543687
-27.752046624114687
-27.91545865846006
-29.20830712362433
-30.484891790970416
-32.30651243860802
-26.697954159049686
-28.406124890899257
-30.14559486999784
-31.692784176565787
-32.67997900559195
-20.872022090509333
-21.55920014161994
-20.702522615188276
-14.288916844327458
-4.920769076614489
0.0
0.0
-0.9238970504165531
-2.10837154537351
0.0
0.0
-1.0295238029876697
-2.2424699262287024
-3.422761036905885
0.0
0.0
0.0
-0.31745444854287436
0.0
-1.4002764268304857
-2.5904408589423706
-3.490821811218066
0.0
0.0
0.0
0.0
0.0
0.0
0.0
0.0
0.0
0.0
0.0
0.0
0.0
0.0
0.0
0.0
-0.3968546568109295
-0.4285712050020633
-0.7487755658294923
-0.6915535197549131
0.0
-0.7016015983011055
-1.4956384816395656
-0.27039906166664407
-1.2634662063836855
-2.354039252220373
-3.4843689437732666
-4.758321424109569
-6.200110165591635
-7.730144713924192
-9.1975596692735
-10.640594606285594
0.0
-0.3532951042366037
-1.0924461289586447
-1.8937202325673541
-2.627429882320512
-2.0795319861392065
-0.6859623847852769
-1.3082919936286483
-1.8036223170985035
-2.5917938742669904
-3.6435851689367134
-3.095358741269266
0.0
-0.5054821068775978
0.0
0.0
0.0
0.0
0.0
0.0
0.0
-0.1559523264794915
0.0
0.0
0.0
0.0
0.0
0.0
0.0
0.0
0.0
0.0
0.0
0.0
0.0
0.0
-0.07702614821300513
-0.5270852657344842
-0.7802236195987557
-0.7802236195987557
-0.7802236195987557
-1.0177141819131899
-1.056641797891786
-1.056641797891786
-1.056641797891786
-1.056641797891786
-1.056641797891786
-1.1410965820988033
-0.99596781607057
-0.99596781607057
-0.99596781607057
-0.99596781607057
-0.99596781607057
-0.99596781607057
-0.99596781607057
-0.99596781607057
-0.9732112494185551
-0.4485982035124336
-0.4414249918696402
0.0
0.0
0.0
0.0
0.0
0.0
0.0
0.0
0.0
0.0
0.0
0.0
0.0
0.0
0.0
0.0
0.0
0.0
0.0
0.0
0.0
0.0
0.0
0.0
0.0
0.0
0.0
0.0
0.0
0.0
0.0
0.0
0.0
0.0
0.0
0.0
0.0
0.0
0.0
0.0
0.0
0.0
0.0
0.0
0.0
0.0
0.0
0.0
0.0
0.0
0.0
0.0
0.0
0.0
0.0
0.0
0.0
0.0
0.0
0.0
0.0
0.0
0.0
0.0
0.0
0.0
0.0
0.0
0.0
0.0
0.0
0.0
0.0
0.0
0.0
0.0
0.0
0.0
0.0
0.0
0.0
0.0
0.0
0.0
0.0
0.0
0.0
0.0
0.0
0.0
0.0
0.0
0.0
0.0
0.0
0.0
0.0
0.0
0.0
0.0
0.0
0.0
0.0
0.0
0.0
0.0
0.0
0.0
0.0
0.0
0.0
0.0
0.0
0.0
0.0
0.0
0.0
0.0
0.0
0.0
0.0
0.0
0.0
0.0
0.0
0.0
0.0
0.0
0.0
0.0
0.0
0.0
0.0
0.0
0.0
0.0
0.0
0.0
0.0
0.0
0.0
0.0
0.0
0.0
0.0
0.0
-0.20750732716329762
0.0
0.0
0.0
0.0
0.0
0.0
0.0
0.0
0.0
0.0
0.0
0.0
0.0
0.0
0.0
0.0
0.0
0.0
0.0
0.0
-0.20854499973004847
-0.28565082041870415
-0.16667712980977634
0.0
0.0
0.0
0.0
0.0
0.0
0.0
-0.4233389033327567
-0.5211697599414803
0.0
0.0
0.0
0.0
0.0
0.0
-0.08255899115102716
0.0
0.0
0.0
-0.5037575717655817
0.0
0.0
0.0
0.0
0.0
0.0
0.0
0.0
0.0
0.0
0.0
-0.4055404077666048
0.0
-0.9139156451336568
-1.9066053815671877
-2.7128793288376096
-1.5273334047680749
-2.5962690795528065
0.0
-0.9593177631196501
-1.902304760241005
-2.953038275095036
-4.036224585893819
-4.910075330652756
-6.265799146281832
-7.748602865196761
-8.707014894588784
-9.941888644966872
-10.66766181147036
-10.131597312229887
-10.297729095936074
-10.696319510629364
-11.156741877137058
-12.243544152636998
-13.733996208714707
-15.134037243950392
-16.50349077527062
-12.513388325787753
-8.742366839104967
-9.720844261154541
-10.913536018016591
-11.971938377551032
-11.81846528429843
-13.283963451102542
-14.903050987921766
-16.652985694451502
-18.48367267772229
-20.41327310370933
-22.352648463390597
-24.330921598062663
-26.201433628333433
-27.42430053887521
-20.751876034128244
-21.806740605053367
-23.495084784770697
-25.540678779155016
-27.489808692142645
-29.438938605130275
-31.309450635401046
-33.35504462978536
-35.245337690463
-35.85125293290635
-37.24966943233588
-38.71453184416548
-40.27679007060533
-42.087429545156404
-39.974430779557366
-41.68340711132099
-43.433341817850724
-42.29046162324524
-29.363132286510826
-29.145049129091593
-29.202734174414513
-30.816081412526923
-29.10040793894402
-30.654291492112932
-32.43936128751092
-34.08947073207126
-35.92734139617333
-37.81738992874205
-39.75902442156696
-41.86041859674117
-43.878383763050735
-45.768432295619455
-45.88629141350642
-46.252706299521385
-46.77690032912904
-46.76737824718624
-48.31553713353833
-49.150625300071894
-50.02692217478059
-49.37716876223046
-50.019822169473585
-47.235612023606
-43.75643942570373
-43.97210870962898
-43.94618819087566
-43.313418070558065
-41.337198194148286
-42.04602671269022
-43.46407307861475
-44.485232436517194
-37.13375460293671
-37.94095586240331
-39.070698228243735
-32.16177515308897
-32.020651384520804
-32.57925724751187
-32.97183694447761
-33.61362854464154
-34.24398852560271
-35.16937825579204
-35.74340880064703
-36.177709780498525
-36.878296021700294
-37.861298657795594
-37.42891393028462
-38.188474627912335
-38.54849725140416
-33.77666545610132
-34.126160786009905
-34.50473860747711
-35.015587056605995
-35.74608160624568
-36.62222466242664
-35.57229796290116
-33.85933424479797
-34.50062089729575
-35.348668575391386
-36.05741472007126
-36.861679615519094
-35.340726819140315
-36.06729677414839
-36.97174332964492
-36.242456915471344
-36.39713904887823
-36.79452799706044
-37.046245519493155
-37.5174316826056
-38.06584422337672
-38.896335155849734
-39.72817296984814
-39.12369887927455
-39.71134629176119
-40.53493273520466
-41.21133685100406
-40.21453183905261
-40.546438537706194
-32.885855085175564
-33.122745584582326
-33.58061263188751
-34.04284406916776
-34.38164998341372
-34.60368872144711
-34.78112579988118
-34.908786725336725
-35.11639701195851
-35.513233755849114
-35.776484250738534
-35.86605938621813
-36.18051348228137
-36.6600500895018
-36.71247497328043
-36.71247497328043
-36.738664065608404
-37.01690478050223
-37.38843442471888
-37.80115901653398
-36.64086429101114
-36.617747026843354
-36.617747026843354
-36.63520913001915
-36.6130315822032
-36.920192701304174
-36.85302199069529
-36.84411180942516
-36.84411180942516
-36.84411180942516
-36.84411180942516
-36.84411180942516
-36.84411180942516
-36.84411180942516
-36.84411180942516
-36.84411180942516
-36.84411180942516
-36.80517133223489
-36.80517133223489
-36.80517133223489
-36.80517133223489
-36.80517133223489
-36.80517133223489
-36.80517133223489
-36.80517133223489
-36.80517133223489
-36.80517133223489
-36.80517133223489
-36.80517133223489
-36.80517133223489
-36.80517133223489
-36.80517133223489
-36.80517133223489
-36.80517133223489
-36.80517133223489
-36.80517133223489
-36.80517133223489
-36.80517133223489
-36.80517133223489
-36.80517133223489
-36.80517133223489
-36.80517133223489
-36.80517133223489
-36.80517133223489
-36.80517133223489
-36.80517133223489
-36.80517133223489
-36.80517133223489
-36.80517133223489
-36.80517133223489
-36.80517133223489
-36.80517133223489
-36.80517133223489
-36.80517133223489
-36.80517133223489
-36.80517133223489
-36.80517133223489
-36.80517133223489
-36.80517133223489
-36.80517133223489
-36.80517133223489
-36.80517133223489
-36.80517133223489
-36.80517133223489
-36.80517133223489
-36.80517133223489
-36.80517133223489
-36.80517133223489
-36.80517133223489
-36.80517133223489
-36.80517133223489
-36.80517133223489
-36.80517133223489
-36.80517133223489
-36.793787928039336
-36.793787928039336
-36.793787928039336
-36.793787928039336
-36.793787928039336
-36.793787928039336
-36.793787928039336
-36.793787928039336
-36.793787928039336
-36.793787928039336
-36.46817741887685
-36.365709142309996
-36.365709142309996
-36.365709142309996
-36.365709142309996
-36.365709142309996
-36.365709142309996
-36.365709142309996
-36.365709142309996
-36.365709142309996
-36.365709142309996
-36.365709142309996
-36.365709142309996
-36.365709142309996
-36.365709142309996
-36.365709142309996
-36.20679246756
-36.20679246756
-36.20679246756
-36.20679246756
-36.20679246756
-36.20679246756
-36.20679246756
-36.20679246756
-36.20679246756
-36.20679246756
-36.16878130114391
-35.953367784076804
-35.80853995485436
-35.64240938859338
-32.18475867462447
-30.845672782282506
-29.49109005920897
-28.43006825531325
-28.40351891047753
-28.282625065609906
-28.2547655723115
-27.917649004032747
-27.917649004032747
-27.917649004032747
-27.917649004032747
-27.917649004032747
-27.917649004032747
-27.917649004032747
-27.917649004032747
-27.917649004032747
-27.736345661925842
-23.601747425618825
-20.14174128174972
-19.758301894306687
-19.71070071946557
-19.637839204450895
-17.805383222250498
-16.295616060904855
-14.955078677631446
-14.79313580522121
-14.79313580522121
-14.79313580522121
-14.245849926509146
-13.622731031851195
-13.536625242156186
-13.194597388649061
-13.031890397010429
-12.775223636785649
-12.476583987229176
-12.112500022774576
-12.112500022774576
-12.112500022774576
-11.987902472114621
-10.696433796476276
-9.013183020773392
-6.416237774631062
-5.760334409380501
-4.920818215330483
-4.746635224956071
-4.746635224956071
-4.425618130852642
-4.425618130852642
-3.733808934756356
-3.395441839589202
-3.395441839589202
-3.395441839589202
-3.395441839589202
-3.3856127459645453
-3.3290306732185013
-1.918775136076717
-0.10081449027225142
0.0
0.0
0.0
0.0
0.0
0.0
0.0
0.0
0.0
0.0
0.0
0.0
0.0
0.0
0.0
0.0
0.0
0.0
0.0
0.0
0.0
0.0
0.0
0.0
0.0
0.0
0.0
0.0
0.0
0.0
0.0
0.0
0.0
0.0
0.0
0.0
0.0
0.0
-0.2382065224200799
0.0
-0.07473929086063735
0.0
0.0
0.0
0.0
0.0
0.0
0.0
0.0
0.0
0.0
0.0
0.0
-0.1030809875240617
0.0
0.0
0.0
-0.24703870035619402
0.0
0.0
0.0
-1.0643030963837312
0.0
0.0
-1.0403179186316653
0.0
-0.08971121784608149
-1.0354294426345518
0.0
-1.1791289241051077
-2.3620749845861564
-3.9196957603586067
-5.77868195129357
-7.56957952086384
-9.394746449254257
-11.278813001603671
-13.18658025730308
-15.037268316991453
-17.063879096731785
-18.894013153000998
-11.968479148132435
-8.699875604863365
-10.429106728693682
-12.443935858834537
-14.526735903857494
0.0
0.0
-1.137393590196215
0.0
-0.6199109032312923
0.0
0.0
0.0
0.0
0.0
0.0
-1.4367087381651367
-3.2907105008514304
-4.745220161666486
-3.655045407867963
-4.647555658394631
-6.365693761103211
-8.192965632642148
-9.710354421312598
-8.833643020312033
-10.291001420917887
-11.058978203126888
0.0
0.0
-1.3959495939789226
0.0
0.0
-1.3045027360963088
-2.8709462146091056
0.0
0.0
-1.447222688078124
0.0
-0.9090689760839975
-2.0421453824028637
-0.42424805014840894
0.0
0.0
-1.2130617756624107
-2.549727598343184
-1.980910200136893
-3.279955417434652
-3.2425636112359073
-3.867749060799627
-1.4023205540170243
-2.3054106536807226
-2.7882014203081193
-3.7628189185779513
-4.479508557634542
-4.797414196241923
-5.70041190102993
-4.823809131069215
0.0
0.0
-0.8863453769717148
-2.001800551097946
-2.967149070889908
-3.890013598360081
-3.919559219966682
-4.313582059415907
-4.277683403120408
0.0
0.0
-0.7163759895015009
0.0
0.0
0.0
0.0
0.0
0.0
0.0
0.0
0.0
0.0
0.0
0.0
-0.5373860170608857
0.0
0.0
-0.3018325753046541
-0.7395424586044005
-0.7395424586044005
-0.9992976115243835
-1.5062346796459551
0.0
0.0
0.0
0.0
0.0
0.0
-0.10011127060621203
0.0
0.0
0.0
0.0
0.0
0.0
0.0
0.0
0.0
-0.03268483556214439
0.0
0.0
0.0
0.0
0.0
0.0
0.0
0.0
0.0
0.0
0.0
0.0
0.0
0.0
-0.09393995652783765
0.0
0.0
0.0
0.0
0.0
0.0
0.0
0.0
0.0
0.0
0.0
0.0
0.0
0.0
0.0
0.0
0.0
0.0
0.0
0.0
0.0
0.0
0.0
0.0
0.0
0.0
0.0
0.0
0.0
0.0
0.0
0.0
0.0
0.0
0.0
0.0
0.0
0.0
0.0
0.0
0.0
0.0
0.0
0.0
0.0
0.0
0.0
0.0
0.0
0.0
0.0
0.0
0.0
0.0
0.0
0.0
0.0
0.0
0.0
0.0
0.0
0.0
0.0
0.0
0.0
0.0
0.0
0.0
0.0
0.0
0.0
0.0
0.0
0.0
0.0
0.0
0.0
0.0
0.0
0.0
0.0
0.0
0.0
0.0
0.0
0.0
0.0
0.0
0.0
0.0
0.0
0.0
0.0
0.0
0.0
0.0
0.0
0.0
0.0
0.0
0.0
0.0
0.0
0.0
0.0
0.0
0.0
0.0
0.0
0.0
0.0
0.0
0.0
0.0
0.0
0.0
0.0
0.0
0.0
0.0
0.0
0.0
0.0
0.0
0.0
0.0
0.0
0.0
0.0
0.0
0.0
0.0
0.0
0.0
0.0
0.0
0.0
0.0
0.0
0.0
0.0
0.0
0.0
0.0
0.0
0.0
0.0
0.0
0.0
0.0
0.0
0.0
0.0
-0.13996902196078229
-0.11336941420596955
0.0
0.0
0.0
0.0
0.0
0.0
0.0
0.0
0.0
0.0
0.0
0.0
0.0
0.0
0.0
0.0
0.0
0.0
0.0
0.0
0.0
0.0
0.0
0.0
0.0
0.0
0.0
0.0
0.0
0.0
0.0
0.0
0.0
0.0
0.0
0.0
0.0
0.0
0.0
0.0
0.0
0.0
0.0
0.0
0.0
0.0
0.0
0.0
0.0
0.0
-0.3969508871461769
0.0
0.0
0.0
0.0
0.0
0.0
0.0
0.0
0.0
0.0
0.0
-0.5936870082963321
-1.0336470394541732
-1.0949922265827166
0.0
0.0
0.0
0.0
-0.06018741290769314
0.0
0.0
0.0
0.0
0.0
0.0
0.0
0.0
0.0
0.0
-0.6969369377483956
-1.1848005016108651
-1.290320370854507
-2.416277377462219
-3.567056771322379
-4.734990319918801
-5.8950135292793
-6.3443247628709685
-7.254742838268882
-8.404086725566565
-9.104543897957047
-7.827931104708095
-8.945985644255682
-10.09954821394257
-5.222930433572209
-1.8781821483859402
-0.7359652109642065
0.0
0.0
-0.6650631983186889
0.0
-0.6496372130124801
0.0
0.0
0.0
0.0
0.0
-0.8346536005604313
-2.406837120969825
-3.701144094546073
-4.3507506363469375
-5.892326482917165
-6.84592586329746
-8.208562658651989
-9.564321874547002
-11.005345979026155
-12.643513538007841
-8.253079460195114
-9.906996959390069
-10.817443752682628
0.0
-0.6795101723783521
-2.1334683725875476
-3.763725069296288
-5.562829451791072
-7.40625179991192
-9.106862326270067
-6.816488328361704
-3.5432378692936446
-4.818428461837625
-6.083013240635701
-7.761496514223022
-9.467522797208266
-11.164392958867612
-13.04871049416207
-15.078163589563971
-16.625480189993887
-17.538206622694197
-16.877421114235073
-15.932759854339455
-11.573441676069194
-11.927094430245463
-12.881862197808827
-14.06833455592123
-14.862777615444458
-15.470280471032108
-16.16390905529765
-16.85249622097713
-18.001538559503082
-17.72872831923798
-18.934015671627183
-20.44956735737691
-3.079425464753001
0.0
0.0
0.0
0.0
-0.32586035399051816
-1.4980238948336169
0.0
0.0
-0.8614306331817423
-2.1355508455413754
-3.4356671217378265
-2.726764361236916
0.0
0.0
-0.6190078794064504
-1.1211127186133059
-1.2482336234148503
-0.5408984906910858
-0.5408984906910858
-0.5858405689237041
-0.591648343500204
-0.6699194836838105
-0.6910758620354125
-1.006899655600598
-1.006899655600598
-1.0845314828608503
-1.484016137656169
-1.8919764927292881
-2.3481970974622053
-2.8255376765149225
0.0
0.0
0.0
0.0
0.0
0.0
0.0
0.0
0.0
0.0
0.0
0.0
0.0
0.0
0.0
0.0
0.0
0.0
0.0
0.0
0.0
0.0
0.0
0.0
0.0
0.0
0.0
0.0
0.0
0.0
0.0
0.0
0.0
0.0
0.0
0.0
0.0
0.0
0.0
0.0
0.0
0.0
0.0
0.0
0.0
0.0
0.0
0.0
0.0
0.0
0.0
0.0
0.0
0.0
0.0
0.0
0.0
0.0
0.0
0.0
0.0
0.0
0.0
0.0
0.0
0.0
0.0
0.0
0.0
0.0
0.0
0.0
0.0
0.0
0.0
0.0
0.0
0.0
0.0
0.0
0.0
0.0
0.0
0.0
0.0
0.0
0.0
0.0
0.0
0.0
0.0
0.0
0.0
0.0
0.0
0.0
0.0
0.0
0.0
0.0
0.0
0.0
0.0
0.0
0.0
0.0
0.0
0.0
0.0
0.0
0.0
0.0
0.0
0.0
0.0
0.0
0.0
0.0
0.0
0.0
0.0
0.0
0.0
0.0
0.0
0.0
0.0
0.0
0.0
0.0
0.0
0.0
0.0
0.0
0.0
0.0
0.0
0.0
0.0
0.0
0.0
0.0
0.0
0.0
0.0
0.0
0.0
0.0
0.0
0.0
0.0
0.0
0.0
0.0
0.0
0.0
0.0
0.0
0.0
0.0
0.0
0.0
0.0
0.0
0.0
0.0
0.0
0.0
0.0
0.0
0.0
0.0
0.0
0.0
0.0
0.0
0.0
0.0
0.0
0.0
0.0
0.0
0.0
0.0
0.0
0.0
0.0
0.0
0.0
0.0
0.0
0.0
0.0
0.0
0.0
0.0
0.0
0.0
0.0
0.0
0.0
0.0
0.0
0.0
0.0
0.0
0.0
0.0
0.0
0.0
0.0
0.0
0.0
0.0
0.0
0.0
0.0
0.0
0.0
0.0
0.0
0.0
0.0
0.0
0.0
0.0
-0.08158444025613833
-0.08158444025613833
-0.3129741504968111
-0.47621850524069165
-0.421742546454201
0.0
0.0
0.0
0.0
0.0
0.0
0.0
0.0
0.0
0.0
0.0
0.0
0.0
0.0
0.0
0.0
0.0
0.0
0.0
0.0
0.0
0.0
0.0
0.0
0.0
0.0
0.0
0.0
0.0
-0.06623288399871008
0.0
0.0
0.0
0.0
0.0
-0.6278580841757271
-1.621085348438793
-2.6166876503238137
-3.7264940210236026
-4.723690439641556
-5.747913319270918
-6.904353061807657
-8.079362234363405
-9.264287838527258
-9.028117802101452
-10.142467553955647
-10.986139990598762
-12.126513956570998
-13.266887922543233
-14.975464839764705
-16.719832063106143
-18.666902006205756
-20.06446235767915
-21.47305312447971
-21.464955766035235
-23.295431943328197
-25.159810903182144
-26.859138286941963
-28.809674139325463
-30.22665526163093
-30.55807476084576
-31.854272249697523
-32.528048695698374
-32.56625832020458
-33.35320174945582
-34.97298686380345
-36.535840798368945
-36.353562108373666
-37.588081784305146
-38.099442485882136
-39.78439336287049
-31.699393926020598
-33.204246467708124
-33.73809748222042
-35.52295651705177
-37.18854174784575
-34.16319631745888
-35.80173377841742
-25.42737859884496
-26.509653275597763
-27.73759298329927
-25.632372182747527
-25.649312879883784
-25.94529702955467
-27.193275405027908
-28.79419759063389
-30.51581766643344
-31.515171108757457
-25.87117016817724
-22.997281334444608
-21.89514588160651
-7.780190929219474
-4.728475425714645
-5.196007450488027
-6.037329080632645
-5.775114454565879
-6.589199331115241
-7.334621609616296
-8.385720144522935
-9.47507743192971
-9.906185846336022
-4.32355277921401
-2.0572940185030726
0.0
0.0
0.0
-0.8736942396905489
-1.972503524124856
-2.502229720972845
-3.6795268637426295
0.0
-0.8442747127406961
-1.9145955321060608
-2.9266398651343293
-3.948528313830826
-4.716933001474032
-5.366625109379755
-5.625020972322907
-5.744000309306984
-5.755936945754365
-5.941851641191429
-6.040053720673775
-6.031517604468741
-5.93763520600668
-5.504959607395066
-5.27380025839427
-0.4499474599457063
-0.15162087564268617
-0.08478885628142872
-0.08478885628142872
-0.0021906670704848336
0.0
0.0
0.0
0.0
0.0
0.0
0.0
0.0
0.0
0.0
0.0
0.0
0.0
0.0
0.0
0.0
0.0
-0.11346953577527809
-0.22693907155055618
-0.08492255914202448
-0.31892370230768463
-0.31892370230768463
-0.31892370230768463
-0.31892370230768463
-0.31892370230768463
0.0
0.0
0.0
0.0
0.0
0.0
0.0
0.0
0.0
0.0
0.0
0.0
0.0
0.0
0.0
0.0
0.0
0.0
0.0
0.0
0.0
0.0
0.0
0.0
0.0
0.0
0.0
0.0
0.0
0.0
0.0
0.0
0.0
0.0
0.0
0.0
0.0
0.0
0.0
0.0
0.0
0.0
0.0
0.0
0.0
0.0
0.0
0.0
0.0
0.0
0.0
0.0
0.0
0.0
0.0
0.0
0.0
0.0
0.0
0.0
0.0
0.0
0.0
0.0
0.0
0.0
0.0
0.0
0.0
0.0
0.0
0.0
0.0
0.0
0.0
0.0
0.0
0.0
0.0
0.0
0.0
0.0
0.0
0.0
0.0
0.0
0.0
0.0
0.0
0.0
0.0
0.0
0.0
0.0
0.0
0.0
0.0
0.0
0.0
0.0
0.0
0.0
0.0
0.0
0.0
0.0
0.0
0.0
0.0
0.0
0.0
0.0
0.0
0.0
0.0
0.0
0.0
0.0
0.0
0.0
0.0
0.0
0.0
0.0
0.0
0.0
0.0
0.0
0.0
0.0
0.0
0.0
0.0
0.0
0.0
0.0
0.0
0.0
0.0
0.0
0.0
0.0
0.0
0.0
0.0
0.0
0.0
0.0
0.0
0.0
0.0
0.0
0.0
0.0
0.0
0.0
0.0
0.0
0.0
0.0
0.0
0.0
0.0
0.0
0.0
0.0
0.0
0.0
0.0
0.0
0.0
0.0
0.0
0.0
0.0
0.0
0.0
0.0
0.0
0.0
0.0
0.0
0.0
0.0
0.0
0.0
0.0
0.0
0.0
0.0
0.0
0.0
0.0
0.0
0.0
0.0
0.0
0.0
0.0
0.0
0.0
0.0
0.0
0.0
0.0
0.0
0.0
0.0
0.0
0.0
0.0
0.0
0.0
0.0
0.0
0.0
0.0
0.0
0.0
0.0
0.0
-0.13959076548695004
-0.42014824473536316
-0.07753049754130081
0.0
0.0
0.0
0.0
0.0
0.0
0.0
0.0
0.0
0.0
0.0
0.0
0.0
0.0
-0.024308554187163267
0.0
0.0
0.0
0.0
-0.556722238313875
-0.19469000399993752
0.0
0.0
-0.6542746257299512
0.0
-1.0816841699829114
0.0
-0.7673977619682312
-1.7767009005468455
0.0
0.0
0.0
0.0
-0.9802330965179148
-1.9688418085245574
-1.5153368727141021
0.0
0.0
-1.1364724552848102
-2.1205671392461802
0.0
-0.8240407194281673
0.0
-0.3714768655140989
-1.33293301735336
-2.3326272677854902
-3.3775858003848884
-4.441196736234989
-5.383170447529084
-6.443088886159944
-7.752994172724378
-8.432406412028621
-10.187731494022138
-10.93984252527195
-11.79867121560897
-11.801670043745098
0.0
0.0
0.0
-1.5620028245808413
0.0
-0.587655570523538
-2.0361077970854082
-3.6897386580206106
-5.310483476848212
-6.723139057507982
-8.28668116803279
-9.707921791038808
-9.639305439712539
-11.051518181651105
-10.304219912112156
-11.84914549958316
-13.162848984602613
-14.387120769266117
-15.43917143329883
-16.576900866698484
-17.68520299197539
-18.83263731669533
-20.08373355585117
-16.076007067297244
-17.22086149056052
-18.444201122357402
-19.767631134935925
-21.18694981627793
-1.312882323620883
0.0
-0.595810659261476
-1.2884544746495967
-2.044553936632293
-2.9533010033471996
-3.6080046311909166
-4.840637021883885
0.0
-0.03538268532786609
-0.8486848758883656
-1.9071170599585896
-2.6108742453440725
-3.824879503048697
-5.057511893741665
-5.333297482867981
-5.349813295585383
-5.623577864216802
-5.223993048122753
-6.1299380871279165
-6.025964882002485
-6.535174579808748
-6.773184312308894
-7.538032276234568
-8.477276922057
-9.363948772925927
-10.268524182296737
-9.212598372393996
-7.672907009743375
-6.504789445224154
-6.511036130274841
-6.714596194381947
-7.052608018959973
-7.37541084629031
-6.28954365047419
-5.061247191687156
-5.127191894238876
-5.337110749018032
-0.01290153355607604
0.0
-0.05369195067446198
0.0
0.0
0.0
0.0
0.0
0.0
0.0
0.0
0.0
0.0
0.0
0.0
0.0
0.0
0.0
0.0
0.0
0.0
0.0
-0.08533453882545167
-0.16271566714644625
0.0
0.0
0.0
0.0
0.0
0.0
0.0
0.0
0.0
0.0
0.0
0.0
0.0
0.0
0.0
0.0
0.0
0.0
0.0
0.0
0.0
0.0
0.0
0.0
0.0
0.0
0.0
0.0
0.0
0.0
0.0
0.0
0.0
0.0
0.0
0.0
0.0
0.0
0.0
0.0
0.0
0.0
0.0
0.0
0.0
0.0
0.0
0.0
0.0
0.0
0.0
0.0
0.0
0.0
0.0
0.0
0.0
0.0
0.0
0.0
0.0
0.0
0.0
0.0
0.0
0.0
0.0
0.0
0.0
0.0
0.0
0.0
0.0
0.0
0.0
0.0
0.0
0.0
0.0
0.0
0.0
0.0
0.0
0.0
0.0
0.0
0.0
0.0
0.0
0.0
0.0
0.0
0.0
0.0
0.0
0.0
0.0
0.0
0.0
0.0
0.0
0.0
0.0
0.0
0.0
0.0
0.0
0.0
0.0
0.0
0.0
0.0
0.0
0.0
0.0
0.0
0.0
0.0
0.0
0.0
0.0
0.0
0.0
0.0
0.0
0.0
0.0
0.0
0.0
0.0
0.0
0.0
0.0
0.0
0.0
0.0
0.0
0.0
0.0
0.0
0.0
0.0
0.0
0.0
0.0
0.0
0.0
0.0
0.0
0.0
0.0
0.0
0.0
0.0
0.0
0.0
0.0
0.0
0.0
0.0
0.0
0.0
0.0
0.0
0.0
0.0
0.0
0.0
0.0
0.0
0.0
0.0
0.0
0.0
0.0
0.0
0.0
0.0
0.0
0.0
0.0
0.0
0.0
0.0
0.0
0.0
0.0
0.0
0.0
0.0
0.0
0.0
0.0
0.0
0.0
0.0
0.0
0.0
0.0
0.0
0.0
0.0
0.0
0.0
0.0
0.0
0.0
0.0
0.0
0.0
0.0
0.0
0.0
0.0
0.0
0.0
0.0
0.0
0.0
0.0
0.0
0.0
0.0
0.0
0.0
0.0
0.0
0.0
0.0
0.0
0.0
0.0
0.0
0.0
0.0
0.0
0.0
0.0
0.0
0.0
0.0
0.0
0.0
0.0
0.0
0.0
0.0
0.0
0.0
0.0
0.0
0.0
0.0
0.0
0.0
0.0
0.0
0.0
0.0
0.0
0.0
0.0
0.0
0.0
0.0
0.0
0.0
0.0
0.0
0.0
0.0
0.0
0.0
0.0
0.0
0.0
0.0
0.0
0.0
0.0
0.0
0.0
0.0
0.0
0.0
0.0
0.0
0.0
0.0
0.0
0.0
0.0
0.0
0.0
0.0
0.0
0.0
0.0
0.0
0.0
0.0
0.0
0.0
0.0
0.0
0.0
0.0
0.0
0.0
0.0
0.0
0.0
0.0
0.0
0.0
0.0
0.0
0.0
0.0
0.0
0.0
0.0
0.0
0.0
0.0
0.0
0.0
0.0
0.0
0.0
0.0
0.0
0.0
0.0
0.0
0.0
0.0
0.0
0.0
0.0
0.0
0.0
0.0
0.0
0.0
0.0
0.0
0.0
0.0
0.0
0.0
0.0
0.0
0.0
0.0
0.0
0.0
0.0
0.0
0.0
0.0
0.0
0.0
0.0
0.0
0.0
0.0
0.0
0.0
0.0
0.0
0.0
0.0
0.0
0.0
0.0
0.0
0.0
0.0
0.0
0.0
0.0
0.0
0.0
0.0
0.0
0.0
0.0
0.0
0.0
0.0
0.0
0.0
0.0
0.0
0.0
0.0
0.0
0.0
0.0
0.0
0.0
0.0
0.0
0.0
0.0
0.0
0.0
0.0
0.0
0.0
0.0
0.0
0.0
0.0
0.0
0.0
0.0
0.0
0.0
0.0
0.0
0.0
0.0
0.0
0.0
0.0
0.0
0.0
0.0
0.0
0.0
0.0
0.0
0.0
0.0
0.0
0.0
0.0
0.0
0.0
0.0
0.0
0.0
0.0
0.0
0.0
0.0
0.0
0.0
0.0
0.0
0.0
0.0
0.0
0.0
0.0
0.0
0.0
0.0
0.0
0.0
0.0
0.0
0.0
0.0
0.0
0.0
0.0
0.0
0.0
0.0
0.0
0.0
0.0
0.0
0.0
0.0
0.0
0.0
0.0
0.0
0.0
0.0
0.0
0.0
0.0
0.0
0.0
0.0
0.0
0.0
0.0
0.0
0.0
0.0
0.0
0.0
0.0
0.0
0.0
0.0
0.0
0.0
0.0
0.0
0.0
0.0
0.0
0.0
0.0
0.0
0.0
0.0
0.0
0.0
0.0
0.0
0.0
0.0
0.0
0.0
0.0
0.0
0.0
0.0
0.0
0.0
0.0
0.0
0.0
0.0
0.0
0.0
0.0
0.0
0.0
0.0
0.0
0.0
0.0
0.0
0.0
0.0
0.0
0.0
0.0
0.0
0.0
0.0
0.0
0.0
0.0
0.0
0.0
0.0
0.0
0.0
0.0
0.0
0.0
0.0
0.0
0.0
0.0
0.0
0.0
0.0
0.0
0.0
0.0
0.0
0.0
0.0
0.0
0.0
0.0
0.0
0.0
0.0
0.0
0.0
0.0
0.0
0.0
0.0
0.0
0.0
0.0
0.0
0.0
0.0
0.0
0.0
0.0
0.0
0.0
0.0
0.0
0.0
0.0
0.0
0.0
0.0
0.0
0.0
0.0
0.0
0.0
0.0
0.0
0.0
0.0
0.0
0.0
0.0
0.0
0.0
0.0
0.0
0.0
0.0
0.0
0.0
0.0
0.0
0.0
0.0
0.0
0.0
0.0
0.0
0.0
0.0
0.0
0.0
0.0
0.0
0.0
0.0
0.0
0.0
0.0
0.0
0.0
0.0
0.0
0.0
0.0
0.0
0.0
0.0
0.0
0.0
0.0
0.0
0.0
0.0
0.0
0.0
0.0
0.0
0.0
0.0
0.0
0.0
0.0
0.0
0.0
0.0
0.0
0.0
0.0
0.0
0.0
0.0
0.0
0.0
0.0
0.0
0.0
0.0
0.0
0.0
0.0
0.0
0.0
0.0
0.0
0.0
0.0
0.0
0.0
0.0
0.0
0.0
0.0
0.0
0.0
0.0
0.0
0.0
0.0
0.0
0.0
0.0
0.0
0.0
0.0
0.0
0.0
0.0
0.0
0.0
0.0
0.0
0.0
0.0
0.0
0.0
0.0
0.0
0.0
0.0
0.0
0.0
0.0
0.0
0.0
0.0
0.0
0.0
0.0
0.0
0.0
0.0
0.0
0.0
0.0
0.0
0.0
0.0
0.0
0.0
0.0
0.0
0.0
0.0
0.0
0.0
0.0
0.0
0.0
0.0
0.0
0.0
0.0
0.0
0.0
0.0
0.0
0.0
0.0
0.0
0.0
0.0
0.0
0.0
0.0
0.0
0.0
0.0
0.0
0.0
0.0
0.0
0.0
0.0
