0.0
0.0
0.0
0.0
0.0
0.0
0.0
0.0
0.0
0.0
0.0
0.0
0.0
0.0
0.0
0.0
0.0
0.0
0.0
0.0
0.0
0.0
0.0
0.0
0.0
0.0
0.0
0.0
0.0
0.0
0.0
0.0
0.0
0.0
0.0
0.0
0.0
0.0
0.0
0.0
0.0
0.0
0.0
0.0
0.0
0.0
0.0
0.0
0.0
0.0
0.0
0.0
0.0
0.0
0.0
0.0
0.0
0.0
0.0
0.0
0.0
0.0
0.0
0.0
0.0
0.0
0.0
0.0
0.0
0.0
0.0
0.0
0.0
0.0
0.0
0.0
0.0
0.0
0.0
0.0
0.0
0.0
0.0
0.0
0.0
0.0
0.0
0.0
0.0
0.0
0.0
0.0
0.0
0.0
0.0
0.0
0.0
0.0
0.0
0.0
0.0
0.0
0.0
0.0
0.0
0.0
0.0
0.0
0.0
0.0
0.0
0.0
0.0
0.0
0.0
0.0
0.0
0.0
0.0
0.0
0.0
0.0
0.0
0.0
0.0
0.0
0.0
0.0
0.0
0.0
0.0
0.0
0.0
0.0
0.0
0.0
0.0
0.0
0.0
0.0
0.0
0.0
0.0
0.0
0.0
0.0
0.0
0.0
0.0
0.0
0.0
0.0
0.0
0.0
0.0
0.0
0.0
0.0
0.0
0.0
0.0
0.0
0.0
0.0
0.0
0.0
0.0
0.0
0.0
0.0
0.0
0.0
0.0
0.0
0.0
0.0
0.0
0.0
0.0
0.0
0.0
0.0
0.0
0.0
0.0
0.0
0.0
0.0
0.0
0.0
0.0
0.0
0.0
0.0
0.0
0.0
0.0
0.0
0.0
0.0
0.0
0.0
0.0
0.0
0.0
0.0
0.0
0.0
0.0
0.0
0.0
0.0
0.0
0.0
0.0
0.0
0.0
0.0
0.0
0.0
0.0
0.0
0.0
0.0
0.0
0.0
0.0
0.0
0.0
0.0
0.0
0.0
0.0
0.0
0.0
0.0
0.0
0.0
0.0
0.0
0.0
0.0
0.0
0.0
0.0
0.0
0.0
0.0
0.0
0.0
0.0
0.0
0.0
0.0
0.0
0.0
0.0
0.0
0.0
0.0
0.0
0.0
0.0
0.0
0.0
0.0
0.0
0.0
0.0
0.0
0.0
0.0
0.0
0.0
0.0
0.0
0.0
0.0
0.0
0.0
0.0
0.0
0.0
0.0
0.0
0.0
0.0
0.0
0.0
0.0
0.0
0.0
0.0
0.0
0.0
0.0
0.0
0.0
0.0
0.0
0.0
0.0
0.0
0.0
0.0
0.0
0.0
0.0
0.0
0.0
0.0
0.0
0.0
0.0
0.0
0.0
0.0
0.0
0.0
0.0
0.0
0.0
0.0
0.0
0.0
0.0
0.0
0.0
0.0
0.0
0.0
0.0
0.0
0.0
0.0
0.0
0.0
0.0
0.0
0.0
0.0
0.0
0.0
0.0
0.0
0.0
0.0
0.0
0.0
0.0
0.0
0.0
0.0
0.0
0.0
0.0
0.0
0.0
0.0
0.0
0.0
0.0
0.0
0.0
0.0
0.0
0.0
0.0
0.0
0.0
0.0
0.0
0.0
0.0
0.0
0.0
0.0
0.0
0.0
0.0
0.0
0.0
0.0
0.0
0.0
0.0
0.0
0.0
0.0
0.0
0.0
0.0
0.0
0.0
0.0
0.0
0.0
0.0
0.0
0.0
0.0
0.0
0.0
0.0
0.0
0.0
0.0
0.0
0.0
0.0
0.0
0.0
0.0
0.0
0.0
0.0
0.0
0.0
0.0
0.0
0.0
0.0
0.0
0.0
0.0
0.0
0.0
0.0
0.0
0.0
0.0
0.0
0.0
0.0
0.0
0.0
0.0
0.0
0.0
0.0
0.0
0.0
0.0
0.0
0.0
0.0
0.0
0.0
0.0
0.0
0.0
0.0
0.0
0.0
0.0
0.0
0.0
0.0
0.0
0.0
0.0
0.0
0.0
0.0
0.0
0.0
0.0
0.0
0.0
0.0
0.0
0.0
0.0
0.0
0.0
0.0
0.0
0.0
0.0
0.0
0.0
0.0
0.0
0.0
0.0
0.0
0.0
0.0
0.0
0.0
0.0
0.0
0.0
0.0
0.0
0.0
0.0
0.0
0.0
0.0
0.0
0.0
0.0
0.0
0.0
0.0
0.0
0.0
0.0
0.0
0.0
0.0
0.0
0.0
0.0
0.0
0.0
0.0
0.0
0.0
0.0
0.0
0.0
0.0
0.0
0.0
0.0
0.0
0.0
0.0
0.0
0.0
0.0
0.0
0.0
0.0
0.0
0.0
0.0
0.0
0.0
0.0
0.0
0.0
0.0
0.0
0.0
0.0
0.0
0.0
0.0
0.0
0.0
0.0
0.0
0.0
0.0
0.0
0.0
0.0
0.0
0.0
0.0
0.0
0.0
0.0
0.0
0.0
0.0
0.0
0.0
0.0
0.0
0.0
0.0
0.0
0.0
0.0
0.0
0.0
0.0
0.0
0.0
0.0
0.0
0.0
0.0
0.0
0.0
0.0
0.0
0.0
0.0
0.0
0.0
0.0
0.0
0.0
0.0
0.0
0.0
0.0
0.0
0.0
0.0
0.0
0.0
0.0
0.0
0.0
0.0
0.0
0.0
0.0
0.0
0.0
0.0
0.0
0.0
0.0
0.0
0.0
0.0
0.0
0.0
0.0
0.0
0.0
0.0
0.0
0.0
0.0
0.0
0.0
0.0
0.0
0.0
0.0
0.0
0.0
0.0
0.0
0.0
0.0
0.0
0.0
0.0
0.0
0.0
0.0
0.0
0.0
0.0
0.0
0.0
0.0
0.0
0.0
0.0
0.0
0.0
0.0
0.0
0.0
0.0
0.0
0.0
0.0
0.0
0.0
0.0
0.0
0.0
0.0
0.0
0.0
0.0
0.0
0.0
0.0
0.0
0.0
0.0
0.0
0.0
0.0
0.0
0.0
0.0
0.0
0.0
0.0
0.0
0.0
0.0
0.0
0.0
0.0
0.0
0.0
0.0
0.0
0.0
0.0
0.0
0.0
0.0
0.0
0.0
0.0
0.0
0.0
0.0
0.0
0.0
0.0
0.0
0.0
0.0
0.0
0.0
0.0
0.0
0.0
0.0
0.0
0.0
0.0
0.0
0.0
0.0
0.0
0.0
0.0
0.0
0.0
0.0
0.0
0.0
0.0
0.0
0.0
0.0
0.0
0.0
0.0
0.0
0.0
0.0
0.0
0.0
0.0
0.0
0.0
0.0
0.0
0.0
0.0
0.0
0.0
0.0
0.0
0.0
0.0
0.0
0.0
0.0
0.0
0.0
0.0
0.0
0.0
0.0
0.0
0.0
0.0
0.0
0.0
0.0
0.0
0.0
0.0
0.0
0.0
0.0
0.0
0.0
0.0
0.0
0.0
0.0
0.0
0.0
0.0
0.0
0.0
0.0
0.0
0.0
0.0
0.0
0.0
0.0
0.0
0.0
0.0
0.0
0.0
0.0
0.0
0.0
0.0
0.0
0.0
0.0
0.0
0.0
0.0
0.0
0.0
0.0
0.0
0.0
0.0
0.0
0.0
0.0
0.0
0.0
0.0
0.0
0.0
0.0
0.0
0.0
0.0
0.0
0.0
0.0
0.0
0.0
0.0
0.0
0.0
0.0
0.0
0.0
0.0
0.0
0.0
0.0
0.0
0.0
0.0
0.0
0.0
0.0
0.0
0.0
0.0
0.0
0.0
0.0
0.0
0.0
0.0
0.0
0.0
0.0
0.0
0.0
0.0
0.0
0.0
0.0
0.0
0.0
0.0
0.0
0.0
0.0
0.0
0.0
0.0
0.0
0.0
0.0
0.0
0.0
0.0
0.0
0.0
0.0
0.0
0.0
0.0
0.0
0.0
0.0
0.0
0.0
0.0
0.0
0.0
0.0
0.0
0.0
0.0
0.0
0.0
0.0
0.0
0.0
0.0
0.0
0.0
0.0
0.0
0.0
0.0
0.0
0.0
0.0
0.0
0.0
0.0
0.0
0.0
0.0
0.0
0.0
0.0
0.0
0.0
0.0
0.0
0.0
0.0
0.0
0.0
0.0
0.0
0.0
0.0
0.0
0.0
0.0
0.0
0.0
0.0
0.0
0.0
0.0
0.0
0.0
0.0
0.0
0.0
0.0
0.0
0.0
0.0
0.0
0.0
0.0
0.0
0.0
0.0
0.0
0.0
0.0
0.0
0.0
0.0
0.0
0.0
0.0
0.0
0.0
0.0
0.0
0.0
0.0
0.0
0.0
0.0
0.0
0.0
0.0
0.0
0.0
0.0
0.0
0.0
0.0
0.0
0.0
0.0
0.0
0.0
0.0
0.0
0.0
0.0
0.0
0.0
0.0
0.0
0.0
0.0
0.0
0.0
0.0
0.0
0.0
0.0
0.0
0.0
0.0
0.0
0.0
0.0
0.0
0.0
0.0
0.0
0.0
0.0
0.0
0.0
0.0
0.0
0.0
0.0
0.0
0.0
0.0
0.0
0.0
0.0
0.0
0.0
0.0
0.0
0.0
0.0
0.0
0.0
0.0
0.0
0.0
0.0
0.0
0.0
0.0
0.0
0.0
0.0
0.0
0.0
0.0
0.0
0.0
0.0
0.0
0.0
0.0
0.0
0.0
0.0
0.0
0.0
0.0
0.0
0.0
0.0
0.0
0.0
0.0
0.0
0.0
0.0
0.0
0.0
0.0
0.0
0.0
0.0
0.0
0.0
0.0
0.0
0.0
0.0
0.0
0.0
0.0
0.0
0.0
0.0
0.0
0.0
0.0
0.0
0.0
0.0
0.0
0.0
0.0
0.0
0.0
0.0
0.0
0.0
0.0
0.0
0.0
0.0
0.0
0.0
0.0
0.0
0.0
0.0
0.0
0.0
0.0
0.0
0.0
0.0
0.0
0.0
0.0
0.0
0.0
0.0
0.0
0.0
0.0
0.0
0.0
0.0
0.0
0.0
0.0
0.0
0.0
0.0
0.0
0.0
0.0
0.0
0.0
0.0
0.0
0.0
0.0
0.0
0.0
0.0
0.0
0.0
0.0
0.0
0.0
0.0
0.0
0.0
0.0
0.0
0.0
0.0
0.0
0.0
0.0
0.0
0.0
0.0
0.0
0.0
0.0
0.0
0.0
0.0
0.0
0.0
0.0
0.0
0.0
0.0
0.0
0.0
0.0
0.0
0.0
0.0
-0.5134562099053612
-0.5827536806468854
-0.5827536806468854
-0.5827536806468854
-0.5827536806468854
0.0
-0.6631330448908187
0.0
0.0
0.0
0.0
0.0
0.0
0.0
0.0
0.0
0.0
0.0
-0.10683428691357594
-0.9624957240036356
0.0
-4.619849334076096
-9.794497159329989
-14.61618916899672
-14.200921485711076
-13.858140673011741
-14.193408817047954
0.0
0.0
-0.3636495688689013
-1.109385344807365
-3.280799745307372
-6.592681088136123
-9.98268643115219
-13.465065690501515
-13.439030797071226
0.0
0.0
-0.31149199910551406
-2.931405094931248
-6.070619730718631
-7.537920046298592
-11.59371980125978
-16.213569135335877
-21.34961278184222
-22.475625944281802
-26.460725785335352
0.0
0.33250551689027374
0.6650110337805475
-4.158503395412902
-3.7866236267068154
-3.7866236267068154
0.0
-0.2797788867458033
-0.2797788867458033
0.0
0.0
0.0
0.0
-6.24024125422471
0.0
0.0
-4.006937083322492
-6.968153412375475
0.0
0.0
0.0
0.0
0.0
0.0
0.0
0.0
0.0
0.0
0.0
0.0
0.0
0.0
0.0
0.0
0.0
0.0
0.0
0.0
0.0
0.0
0.0
0.0
0.0
0.0
0.0
0.0
0.0
0.0
0.0
0.0
0.0
0.0
0.0
0.0
0.0
0.0
0.0
0.0
0.0
0.0
0.0
0.0
0.0
0.0
0.0
0.0
0.0
0.0
0.0
0.0
0.0
0.0
0.0
0.0
0.0
0.0
0.0
0.0
0.0
0.0
0.0
0.0
0.0
0.0
0.0
0.0
0.0
0.0
0.0
0.0
0.0
0.0
0.0
0.0
0.0
0.0
0.0
0.0
0.0
0.0
0.0
0.0
0.0
0.0
0.0
0.0
0.0
0.0
0.0
0.0
0.0
0.0
0.0
0.0
0.0
0.0
0.0
0.0
0.0
0.0
0.0
0.0
0.0
0.0
0.0
0.0
0.0
0.0
0.0
0.0
0.0
0.0
0.0
0.0
0.0
0.0
0.0
0.0
0.0
0.0
0.0
0.0
0.0
0.0
0.0
0.1158801636837401
0.0
0.0
0.0
0.0
0.0
0.0
0.0
0.0
0.0
0.0
0.0
0.0
-0.06809959341406785
0.0
0.2050951328376852
0.2050951328376852
0.2050951328376852
0.11272247377421207
0.002547284380787218
-0.20445931637726106
-0.7558082824090437
-2.0986883707136483
-2.739004284187484
-3.1465830981810186
-4.676311691450911
-4.444822467809146
-4.284349949639166
-4.104530954414507
-4.104530954414507
-4.104530954414507
-4.104530954414507
0.0
0.0
0.0
0.0
0.0
0.0
0.0
0.0
0.0
0.0
0.0
0.0
0.0
0.0
0.0
0.0
0.0
0.0
0.0
0.0
0.0
0.0
0.0
0.0
0.0
0.0
0.0
0.0
0.0
0.0
0.0
0.0
0.0
0.0
0.0
0.0
0.0
0.0
0.0
0.0
0.0
0.0
0.0
0.0
0.0
0.0
0.0
0.0
0.0
0.0
0.0
0.0
0.0
0.0
0.0
0.0
0.0
0.0
0.0
0.0
0.0
0.0
0.0
0.0
0.0
0.0
0.0
0.0
0.0
0.0
0.0
0.0
0.0
0.0
0.0
0.0
0.0
0.0
0.0
0.0
0.0
0.0
0.0
0.0
0.0
0.0
0.0
0.0
0.0
0.0
0.0
0.0
0.0
0.0
0.0
0.0
0.0
0.0
0.0
0.0
0.0
0.0
0.0
0.0
0.0
0.0
0.0
0.0
0.0
0.0
0.0
0.0
0.0
0.0
0.0
0.0
0.0
0.0
0.0
0.0
0.0
0.0
0.0
0.0
0.0
0.0
0.0
0.0
0.0
0.0
0.0
0.0
0.0
0.0
0.0
0.0
0.0
0.0
0.0
0.0
0.0
0.0
-0.3227807600794532
-0.3227807600794532
-0.3227807600794532
-0.3227807600794532
-0.3227807600794532
0.0
0.0
0.0
0.0
0.0
0.0
0.0
0.0
0.0
0.0
0.0
-3.7011619805361486
-5.823889145745339
-9.135067367196275
-12.242941135891158
0.0
0.18330767810960213
0.027826471410552278
0.4314239168683627
-0.3692529459081537
-4.2249837044687215
-4.473466825605085
0.0
0.0
0.1316345298644156
0.49926741682222675
0.37272505494552044
0.37272505494552044
0.045624649943971474
-0.07546630226939038
-0.3887237968619796
0.0
0.0
-1.7564456004889133
-5.182261302593344
-9.163980958105153
-14.201083049133599
-15.552514334623291
-15.168669259964352
-14.76118467327515
-14.33078425987212
-17.618064297851028
0.0
-2.3526857459792585
-7.579968544246373
-11.818772829778029
-11.64489734684975
-11.984512509337463
0.0
0.38039700056917014
-1.4343069178475218
0.0
0.0
0.0
0.0
-3.3691728961003533
0.0
0.0
-5.979023387904548
-6.597731919869098
0.0
0.0
0.0
0.0
0.0
0.0
0.0
0.0
0.0
0.0
0.0
0.0
0.0
0.0
0.0
0.0
0.0
0.0
0.0
0.0
0.0
0.0
0.0
0.0
0.0
0.0
0.0
0.0
0.0
0.0
0.0
0.0
0.0
0.0
0.0
0.0
0.0
0.0
0.0
0.0
0.0
0.0
0.0
0.0
0.0
0.0
0.0
0.0
0.0
0.0
0.0
0.0
0.0
0.0
0.0
0.0
0.0
0.0
0.0
0.0
0.0
0.0
0.0
0.0
0.0
0.0
0.0
0.0
0.0
0.0
0.0
0.0
0.0
0.0
0.0
0.0
0.0
0.0
0.0
0.0
0.0
0.0
0.0
0.0
0.0
0.0
0.0
0.0
0.0
0.0
0.0
0.0
0.0
0.0
0.0
0.0
0.0
0.0
0.0
0.0
0.0
0.0
0.0
0.0
0.0
0.0
0.0
0.0
0.0
0.0
0.0
0.0
0.0
0.0
0.0
0.0
0.0
0.0
0.0
0.0
0.0
0.0
0.0
0.0
0.0
0.0
0.0
-1.3515764014079816
0.0
0.0
0.0
0.07616345288581827
0.0
0.0
0.0
0.0
-0.0743397821577978
-0.0743397821577978
-0.0743397821577978
-0.0743397821577978
-0.0743397821577978
0.0
0.0
0.0
0.0
0.0
0.0
0.0
0.22244583181380884
0.15643443790253903
-0.022166112078550515
-0.10156293465436328
-0.014827849802288351
-0.14684621010982823
-0.14684621010982823
-0.3318956120270117
-0.3318956120270117
-0.3318956120270117
-0.3318956120270117
0.0
0.0
0.0
0.0
0.0
0.0
0.0
0.0
0.0
0.0
0.0
0.0
0.0
0.0
0.0
0.0
0.0
0.0
0.0
0.0
0.0
0.0
0.0
0.0
0.0
0.0
0.0
0.0
0.0
0.0
0.0
0.0
0.0
0.0
0.0
0.0
0.0
0.0
0.0
0.0
0.0
0.0
0.0
0.0
0.0
0.0
0.0
0.0
0.0
0.0
0.0
0.0
0.0
0.0
0.0
0.0
0.0
0.0
0.0
0.0
0.0
0.0
0.0
0.0
0.0
0.0
0.0
0.0
0.0
0.0
0.0
0.0
0.0
0.0
0.0
0.0
0.0
0.0
0.0
0.0
0.0
0.0
0.0
0.0
0.0
0.0
0.0
0.0
0.0
0.0
0.0
0.0
0.0
0.0
0.0
0.0
0.0
0.0
0.0
0.0
0.0
0.0
0.0
0.0
0.0
0.0
0.0
0.0
0.0
0.0
0.0
0.0
0.0
0.0
0.0
0.0
0.0
0.0
0.0
0.0
0.0
0.0
0.0
0.0
0.0
0.0
0.0
0.0
0.0
0.0
0.0
0.0
0.0
0.0
0.0
0.0
0.0
0.0
-0.11536703751552645
-0.29348792734874535
0.0
0.0
0.0
-0.5079276351580642
-1.4219221646817592
-3.6842296418429883
0.0
-0.25440834262902334
0.0
-0.23053181783112114
0.0
0.0
0.0
0.0
0.0
0.0
0.0
-0.10434128572256685
-0.10434128572256685
-0.10434128572256685
-0.10434128572256685
0.0
0.0
-0.16863437822557337
0.2586681495687303
-0.18188956943036994
-3.2570670265814763
-4.097038941393775
0.0
0.0
-0.18666290395464946
-2.3077978674981527
-5.299493173330932
-8.869597923951904
-14.604833908225464
-14.08168477278054
-13.59333826412219
0.0
0.0
-4.881789613002608
-8.20053468805219
-11.261466914984652
-10.920909704347673
-11.031816510014115
-10.845340359727166
-11.196077854437604
-10.730047787654252
-10.249070062566506
0.0
0.4992752229243367
1.0129013159054523
1.5193826371288626
1.919289046244203
-1.513152531222426
0.0
-3.7758829184108373
-7.235439280290375
0.0
0.0
0.0
0.0
0.2008800803611508
0.0
0.0
0.11981156002129101
0.6082888669493716
0.0
0.0
0.0
0.0
0.0
0.0
0.0
0.0
0.0
0.0
0.0
0.0
0.0
0.0
0.0
0.0
0.0
0.0
0.0
0.0
0.0
0.0
0.0
0.0
0.0
0.0
0.0
0.0
0.0
0.0
0.0
0.0
0.0
0.0
0.0
0.0
0.0
0.0
0.0
0.0
0.0
0.0
0.0
0.0
0.0
0.0
0.0
0.0
0.0
0.0
0.0
0.0
0.0
0.0
0.0
0.0
0.0
0.0
0.0
0.0
0.0
0.0
0.0
0.0
0.0
0.0
0.0
0.0
0.0
0.0
0.0
0.0
0.0
0.0
0.0
0.0
0.0
0.0
0.0
0.0
0.0
0.0
0.0
0.0
0.0
0.0
0.0
0.0
0.0
0.0
0.0
0.0
0.0
0.0
0.0
0.0
0.0
0.0
0.0
0.0
0.0
0.0
0.0
0.0
0.0
0.0
0.0
0.0
0.0
0.0
0.0
0.0
0.0
0.0
0.0
0.0
0.0
0.0
0.0
0.0
0.0
0.0
0.0
0.0
0.0
0.0
0.0
-1.7343106240651225
0.0
0.0
0.0
-1.7516971652310025
0.0
0.0
0.0
0.0
-0.3329396162505299
-0.5517430791230485
-1.3693382062737736
-1.7301584692890875
-1.7301584692890875
0.0
-1.5382049819924806
-1.5382049819924806
-1.5382049819924806
-1.5382049819924806
-1.5382049819924806
-1.6937930015905027
-1.6937930015905027
-1.6937930015905027
-1.988164249425901
-2.2231368526277318
-2.2231368526277318
-2.2231368526277318
-2.2231368526277318
-2.2231368526277318
-2.2231368526277318
-2.2231368526277318
-2.2231368526277318
0.0
0.0
0.0
0.0
0.0
0.0
0.0
0.0
0.0
0.0
0.0
0.0
0.0
0.0
0.0
0.0
0.0
0.0
0.0
0.0
0.0
0.0
0.0
0.0
0.0
0.0
0.0
0.0
0.0
0.0
0.0
0.0
0.0
0.0
0.0
0.0
0.0
0.0
0.0
0.0
0.0
0.0
0.0
0.0
0.0
0.0
0.0
0.0
0.0
0.0
0.0
0.0
0.0
0.0
0.0
0.0
0.0
0.0
0.0
0.0
0.0
0.0
0.0
0.0
0.0
0.0
0.0
0.0
0.0
0.0
0.0
0.0
0.0
0.0
0.0
0.0
0.0
0.0
0.0
0.0
0.0
0.0
0.0
0.0
0.0
0.0
0.0
0.0
0.0
0.0
0.0
0.0
0.0
0.0
0.0
0.0
0.0
0.0
0.0
0.0
0.0
0.0
0.0
0.0
0.0
0.0
0.0
0.0
0.0
0.0
0.0
0.0
0.0
0.0
0.0
0.0
0.0
0.0
0.0
0.0
0.0
0.0
0.0
0.0
0.0
0.0
0.0
0.0
0.0
0.0
0.0
0.0
0.0
0.0
0.0
-1.443084727202622
0.0
-3.5997126469884075
-6.91620885973375
-9.092828093228377
0.0
-2.932960906615907
-5.548932334033653
-6.2525605693877555
-8.429179802882384
-10.720005632799207
0.0
-4.023199863786725
0.0
-1.5056380165448502
0.0
0.0
0.0
0.0
0.0
0.0
0.0
0.0
0.0
0.0
0.0
0.0
0.0
-0.10578695339862387
-0.28900957819708584
-1.4231003025083333
-5.4233627931252695
-9.640863553370327
0.0
0.0
0.0
0.0
0.0
0.0
-0.15420366458113
0.027383333201040028
-0.2643306898642974
0.0
0.0
0.3177794343721293
0.19298246437048117
0.08228847227573388
-0.11465282085939665
-0.6767106260492483
-0.34128880926016203
-0.8554897660780565
-4.253845841419832
-5.316152782604054
0.0
-4.717103742349293
-8.40263553367648
-12.314303785567574
-11.941080284616246
-12.273268829229607
0.0
-0.24508216144228478
-0.07701433629897403
0.0
0.0
0.0
0.0
-3.4022763650783094
0.0
0.0
-1.7253851887834875
-5.738581942731894
0.0
0.0
0.0
0.0
0.0
0.0
0.0
0.0
0.0
0.0
0.0
0.0
0.0
0.0
0.0
0.0
0.0
0.0
0.0
0.0
0.0
0.0
0.0
0.0
0.0
0.0
0.0
0.0
0.0
0.0
0.0
0.0
0.0
0.0
0.0
0.0
0.0
0.0
0.0
0.0
0.0
0.0
0.0
0.0
0.0
0.0
0.0
0.0
0.0
0.0
0.0
0.0
0.0
0.0
0.0
0.0
0.0
0.0
0.0
0.0
0.0
0.0
0.0
0.0
0.0
0.0
0.0
0.0
0.0
0.0
0.0
0.0
0.0
0.0
0.0
0.0
0.0
0.0
0.0
0.0
0.0
0.0
0.0
0.0
0.0
0.0
0.0
0.0
0.0
0.0
0.0
0.0
0.0
0.0
0.0
0.0
0.0
0.0
0.0
0.0
0.0
0.0
0.0
0.0
0.0
0.0
0.0
0.0
0.0
0.0
0.0
0.0
0.0
0.0
0.0
0.0
0.0
0.0
0.0
0.0
0.0
0.0
0.0
0.0
0.0
0.0
0.0
-2.236075088534581
0.0
0.0
0.0
-0.5037806386502812
0.0
0.0
0.0
0.0
-1.7893282216689572
-3.5133815613969346
-3.3633898609658406
-3.296341903075425
-3.199854017023582
0.0
-0.591115985112189
-0.591115985112189
-0.591115985112189
-0.591115985112189
-0.591115985112189
-0.591115985112189
-0.591115985112189
-0.591115985112189
-0.591115985112189
-0.591115985112189
-0.591115985112189
-0.591115985112189
-0.591115985112189
-0.591115985112189
-0.591115985112189
-0.591115985112189
-0.591115985112189
0.0
0.0
0.0
0.0
0.0
0.0
0.0
0.0
0.0
0.0
0.0
-1.5285043402154117
-1.5285043402154117
-1.5285043402154117
-1.5285043402154117
-1.5285043402154117
0.0
0.0
0.0
0.0
0.0
0.0
0.0
0.0
0.0
0.0
0.0
0.0
0.0
0.0
0.0
0.0
0.0
0.0
0.0
0.0
0.0
0.0
0.0
0.0
0.0
0.0
0.0
0.0
0.0
0.0
0.0
0.0
0.0
0.0
0.0
0.0
0.0
0.0
0.0
0.0
0.0
0.0
0.0
0.0
0.0
0.0
0.0
0.0
0.0
0.0
0.0
0.0
0.0
0.0
0.0
0.0
0.0
0.0
0.0
0.0
0.0
0.0
0.0
0.0
0.0
0.0
0.0
0.0
0.0
0.0
0.0
0.0
0.0
0.0
0.0
0.0
0.0
0.0
0.0
0.0
0.0
0.0
0.0
0.0
0.0
0.0
0.0
0.0
0.0
0.0
0.0
0.0
0.0
0.0
0.0
0.0
0.0
0.0
0.0
0.0
0.0
0.0
0.0
0.0
0.0
0.0
0.0
0.0
0.0
0.0
0.0
0.0
0.0
0.0
0.0
0.0
0.0
0.0
0.0
-0.10154335398601916
0.0
0.0
0.0
-0.12251775178670776
0.0
0.0
0.0
0.0
0.0
0.0
0.0
0.0
0.0
-0.3249135579238406
0.0
0.0
0.0
0.0
0.0
0.0
0.0
-0.522421643254775
-2.162758012608885
-4.21639288828674
-4.21639288828674
0.0
-1.028872335855152
-2.247843137263726
-2.6673550839703264
-4.77913829782328
-7.236860925319641
-10.917380471336262
0.0
0.0
-4.102441697449874
-7.360043432054809
-13.419828846523842
-18.54581716610028
-24.881773907704385
-28.716393849218598
-28.432635181509546
0.0
0.0
-2.8953676196661013
-7.499111295132842
-7.047144355577053
-6.6182851676708845
-6.15502421818534
-9.811117716866578
-9.293631664131464
-14.175328908035528
-13.742567680826852
0.0
-0.23041386227899752
-0.8293677959491021
-1.9881626482465413
-2.020299405602195
-2.439797764230395
0.0
-0.3395387016958066
-0.6540961500616582
0.0
0.0
0.0
0.0
-2.1738603758971697
0.0
0.0
-2.6513973468211374
-7.058387058974065
0.0
0.0
0.0
0.0
0.0
0.0
0.0
0.0
0.0
0.0
0.0
0.0
0.0
0.0
0.0
0.0
0.0
0.0
0.0
0.0
0.0
0.0
0.0
0.0
0.0
0.0
0.0
0.0
0.0
0.0
0.0
0.0
0.0
0.0
0.0
0.0
0.0
0.0
0.0
0.0
0.0
0.0
0.0
0.0
0.0
0.0
0.0
0.0
0.0
0.0
0.0
0.0
0.0
0.0
0.0
0.0
0.0
0.0
0.0
0.0
0.0
0.0
0.0
0.0
0.0
0.0
0.0
0.0
0.0
0.0
0.0
0.0
0.0
0.0
0.0
0.0
0.0
0.0
0.0
0.0
0.0
0.0
0.0
0.0
0.0
0.0
0.0
0.0
0.0
0.0
0.0
0.0
0.0
0.0
0.0
0.0
0.0
0.0
0.0
0.0
0.0
0.0
0.0
0.0
0.0
0.0
0.0
0.0
0.0
0.0
0.0
0.0
0.0
0.0
0.0
0.0
0.0
0.0
0.0
0.0
0.0
0.0
0.0
0.0
0.0
0.0
0.0
0.3792627770131354
0.0
0.0
0.0
0.0
0.0
0.0
0.0
0.0
0.0
0.0
0.0
0.0
-0.22729186764873782
0.0
-0.13373823428814727
-0.13373823428814727
-0.13373823428814727
-0.13373823428814727
-0.13373823428814727
-0.13373823428814727
-0.13373823428814727
-0.13373823428814727
-0.13373823428814727
-0.13373823428814727
-0.13373823428814727
-0.13373823428814727
-0.13373823428814727
-0.13373823428814727
-0.13373823428814727
-0.13373823428814727
-0.13373823428814727
0.0
0.0
0.0
0.0
0.0
0.0
0.0
0.0
0.0
0.0
0.0
0.0
0.0
0.0
0.0
0.0
0.0
0.0
0.0
0.0
0.0
0.0
0.0
0.0
0.0
0.0
0.0
0.0
0.0
0.0
0.0
0.0
0.0
0.0
0.0
0.0
0.0
0.0
0.0
0.0
0.0
0.0
0.0
0.0
0.0
0.0
0.0
0.0
0.0
0.0
0.0
0.0
0.0
0.0
0.0
0.0
0.0
0.0
0.0
0.0
0.0
0.0
0.0
0.0
0.0
0.0
0.0
0.0
0.0
0.0
0.0
0.0
0.0
0.0
0.0
0.0
0.0
0.0
0.0
0.0
0.0
0.0
0.0
0.0
0.0
0.0
0.0
0.0
0.0
0.0
0.0
0.0
0.0
0.0
0.0
0.0
0.0
0.0
0.0
0.0
0.0
0.0
0.0
0.0
0.0
0.0
0.0
0.0
0.0
0.0
0.0
0.0
0.0
0.0
0.0
0.0
0.0
0.0
0.0
0.0
0.0
0.0
0.0
0.0
0.0
0.0
0.0
0.0
0.0
0.0
0.0
0.0
0.0
0.0
0.0
0.0
0.0
0.0
0.0
0.0
0.0
0.0
0.0
0.0
0.0
0.0
0.0
0.0
0.0
0.0
-0.32083013861495385
0.0
0.0
0.0
0.0
0.0
0.0
0.0
0.0
0.0
-0.21301650030541955
-0.08584997917073148
0.0
-0.10392526300794824
-0.4437623175128218
-0.4437623175128218
-0.4437623175128218
-0.28333096112935896
-0.16057281263362255
0.0
0.0
-2.0467791664083066
-6.879343454652676
-9.355350152649716
-13.572047930629775
-14.918195992509672
-16.449084161885683
-15.983222801010207
0.0
0.0
-0.14596962102338396
-3.0186470802093326
-4.9348842699220565
-9.2782044771238
-12.08646864982705
-15.208064634779145
-14.819245741124954
-14.658814384741492
-14.76759639676535
0.0
0.16893214014974856
0.3322329304262155
0.7291338403045813
-2.1791764777571307
-6.758423109826509
0.0
0.3379414633922314
0.3379414633922314
0.0
0.0
0.0
0.0
0.17235122088458343
0.0
0.0
-4.1725058007398586
-8.014426089708207
0.0
0.0
0.0
0.0
0.0
0.0
0.0
0.0
0.0
0.0
0.0
0.0
0.0
0.0
0.0
0.0
0.0
0.0
0.0
0.0
0.0
0.0
0.0
0.0
0.0
0.0
0.0
0.0
0.0
0.0
0.0
0.0
0.0
0.0
0.0
0.0
0.0
0.0
0.0
0.0
0.0
0.0
0.0
0.0
0.0
0.0
0.0
0.0
0.0
0.0
0.0
0.0
0.0
0.0
0.0
0.0
0.0
0.0
0.0
0.0
0.0
0.0
0.0
0.0
0.0
0.0
0.0
0.0
0.0
0.0
0.0
0.0
0.0
0.0
0.0
0.0
0.0
0.0
0.0
0.0
0.0
0.0
0.0
0.0
0.0
0.0
0.0
0.0
0.0
0.0
0.0
0.0
0.0
0.0
0.0
0.0
0.0
0.0
0.0
0.0
0.0
0.0
0.0
0.0
0.0
0.0
0.0
0.0
0.0
0.0
0.0
0.0
0.0
0.0
0.0
0.0
0.0
0.0
0.0
0.0
0.0
0.0
0.0
0.0
0.0
0.0
0.0
0.2519298147277753
0.0
0.0
0.0
-0.17084941556101346
0.0
0.0
0.0
0.0
0.24257926654352557
0.44172459209210524
-1.0420163663657673
-3.085116233242143
-4.667433507534339
0.0
0.0
-0.4013817131349921
-0.4013817131349921
-0.4013817131349921
-0.4013817131349921
-0.4013817131349921
-0.4013817131349921
-0.4013817131349921
-0.4013817131349921
-0.4013817131349921
-0.4013817131349921
-0.4013817131349921
-0.4013817131349921
-0.4013817131349921
-0.4013817131349921
-0.4013817131349921
-0.4013817131349921
0.0
0.0
0.0
0.0
0.0
0.0
0.0
0.0
0.0
0.0
0.0
0.0
0.0
0.0
0.0
0.0
0.0
0.0
0.0
0.0
0.0
0.0
0.0
0.0
0.0
0.0
0.0
0.0
0.0
0.0
0.0
0.0
0.0
0.0
0.0
0.0
0.0
0.0
-0.17040617698912866
-0.17040617698912866
0.0
0.0
0.0
0.0
0.0
0.0
0.0
0.0
0.0
0.0
0.0
0.0
0.0
0.0
0.0
0.0
0.0
0.0
0.0
0.0
0.0
0.0
0.0
0.0
0.0
0.0
0.0
0.0
0.0
0.0
0.0
0.0
0.0
0.0
0.0
0.0
0.0
0.0
0.0
0.0
0.0
0.0
0.0
0.0
0.0
0.0
0.0
0.0
0.0
0.0
0.0
0.0
0.0
0.0
0.0
0.0
0.0
0.0
0.0
0.0
0.0
0.0
0.0
0.0
0.0
0.0
0.0
0.0
0.0
0.0
0.0
0.0
0.0
0.0
0.0
0.0
0.0
0.0
0.0
0.0
0.0
0.0
0.0
0.0
0.0
0.0
0.0
0.0
0.0
0.0
0.0
0.0
0.0
0.0
0.0
0.0
0.0
0.0
0.0
0.0
0.0
0.0
0.0
0.0
0.0
0.0
0.0
0.0
0.0
-0.2230538413553787
0.0
0.0
0.0
0.0
0.0
0.0
0.0
0.0
0.0
-0.2497997459755874
-0.3564397587633097
0.0
-0.27759564498232553
-0.27759564498232553
-0.27759564498232553
-0.5254692955939755
-0.5254692955939755
-0.7014161194234787
0.0
0.0
-0.29313546433152204
-1.31688636919821
-3.624474575007877
-6.445521115017797
-7.728820353911815
-10.894547018196999
-14.67420381457266
0.0
0.0
0.0
0.0
0.0
-0.3865846347908185
-0.19283767058914925
0.0009092936125200124
-0.40446478590338486
-0.2311886623332171
0.17892589926477864
0.0
-4.986747836943118
-9.513343303239527
-14.785507368542843
-16.208249958752074
-19.76163534884116
0.0
0.18308899174660298
0.3561915355782782
0.0
0.0
0.0
0.0
-0.45354328547450157
0.0
0.0
-0.7852992294866019
-0.809441947204417
0.0
0.0
0.0
0.0
0.0
0.0
0.0
0.0
0.0
0.0
0.0
0.0
0.0
0.0
0.0
0.0
0.0
0.0
0.0
0.0
0.0
0.0
0.0
0.0
0.0
0.0
0.0
0.0
0.0
0.0
0.0
0.0
0.0
0.0
0.0
0.0
0.0
0.0
0.0
0.0
0.0
0.0
0.0
0.0
0.0
0.0
0.0
0.0
0.0
0.0
0.0
0.0
0.0
0.0
0.0
0.0
0.0
0.0
0.0
0.0
0.0
0.0
0.0
0.0
0.0
0.0
0.0
0.0
0.0
0.0
0.0
0.0
0.0
0.0
0.0
0.0
0.0
0.0
0.0
0.0
0.0
0.0
0.0
0.0
0.0
0.0
0.0
0.0
0.0
0.0
0.0
0.0
0.0
0.0
0.0
0.0
0.0
0.0
0.0
0.0
0.0
0.0
0.0
0.0
0.0
0.0
0.0
0.0
0.0
0.0
0.0
0.0
0.0
0.0
0.0
0.0
0.0
0.0
0.0
0.0
0.0
0.0
0.0
0.0
0.0
0.0
0.0
-0.2967797200172878
0.0
0.0
0.0
-1.5582312444879787
0.0
0.0
0.0
0.0
0.0
0.0
0.0
0.0
0.0
0.0
0.0
0.0
0.0
0.0
-0.12538034615836544
-0.12538034615836544
-0.12538034615836544
-0.12538034615836544
-0.12538034615836544
-0.12538034615836544
-0.12538034615836544
-0.12538034615836544
-0.12538034615836544
-0.12538034615836544
-0.12538034615836544
-0.12538034615836544
-0.12538034615836544
0.0
0.0
0.0
0.0
0.0
0.0
0.0
0.0
0.0
0.0
0.0
0.0
0.0
0.0
0.0
0.0
0.0
0.0
0.0
0.0
0.0
0.0
0.0
0.0
0.0
0.0
0.0
0.0
0.0
0.0
0.0
0.0
0.0
0.0
0.0
0.0
0.0
0.0
0.0
0.0
0.0
0.0
0.0
0.0
0.0
0.0
0.0
0.0
0.0
0.0
0.0
0.0
0.0
0.0
0.0
0.0
0.0
0.0
0.0
0.0
0.0
0.0
0.0
0.0
0.0
0.0
0.0
0.0
0.0
0.0
0.0
0.0
0.0
0.0
0.0
0.0
0.0
0.0
0.0
0.0
0.0
0.0
0.0
0.0
0.0
0.0
0.0
0.0
0.0
0.0
0.0
0.0
0.0
0.0
0.0
0.0
0.0
0.0
0.0
0.0
0.0
0.0
0.0
0.0
0.0
0.0
0.0
0.0
0.0
0.0
0.0
0.0
0.0
0.0
0.0
0.0
0.0
0.0
0.0
0.0
0.0
0.0
0.0
0.0
0.0
0.0
0.0
0.0
0.0
0.0
0.0
0.0
0.0
0.0
0.0
0.0
0.0
0.0
0.0
0.0
0.0
0.0
0.0
0.0
0.0
0.0
0.0
0.0
0.0
0.0
0.0
0.0
0.0
0.0
0.0
0.0
0.0
-0.11673263116811332
-0.23346526233622664
-0.23346526233622664
-0.23346526233622664
0.0
0.0
-0.15816555877264715
-0.15816555877264715
-1.0701136636334445
-2.074464354133445
-4.812391636448931
0.0
0.0
-0.9250340123146502
-0.7323087702973274
-0.8904743290699746
-1.1491267497147368
-1.5520440765875616
-1.5520440765875616
-1.9330853548673268
0.0
0.0
-0.614951124754246
-2.905949115521048
-5.377665492772444
-4.977027412374609
-5.420018629012156
-7.4749552410788365
-12.252695358661537
-11.766103941477322
-11.325109813388165
0.0
-0.265730347653224
-0.07300510563590124
-0.7048057723459104
-2.0615509452460605
-3.9926735300042147
0.0
-2.6059784579528786
-5.211956915905757
0.0
0.0
0.0
0.0
-4.173180532831803
0.0
0.0
-1.5489372967084951
-5.040466538202572
0.0
0.0
0.0
0.0
0.0
0.0
0.0
0.0
0.0
0.0
0.0
0.0
0.0
0.0
0.0
0.0
0.0
0.0
0.0
0.0
0.0
0.0
0.0
0.0
0.0
0.0
0.0
0.0
0.0
0.0
0.0
0.0
0.0
0.0
0.0
0.0
0.0
0.0
0.0
0.0
0.0
0.0
0.0
0.0
0.0
0.0
0.0
0.0
0.0
0.0
0.0
0.0
0.0
0.0
0.0
0.0
0.0
0.0
0.0
0.0
0.0
0.0
0.0
0.0
0.0
0.0
0.0
0.0
0.0
0.0
0.0
0.0
0.0
0.0
0.0
0.0
0.0
0.0
0.0
0.0
0.0
0.0
0.0
0.0
0.0
0.0
0.0
0.0
0.0
0.0
0.0
0.0
0.0
0.0
0.0
0.0
0.0
0.0
0.0
0.0
0.0
0.0
0.0
0.0
0.0
0.0
0.0
0.0
0.0
0.0
0.0
0.0
0.0
0.0
0.0
0.0
0.0
0.0
0.0
0.0
0.0
0.0
0.0
0.0
0.0
0.0
0.0
-0.13056372882745326
0.0
0.0
0.0
-0.34363117722000813
0.0
0.0
0.0
0.0
0.1394244237684179
0.11560710773164473
0.11560710773164473
0.11560710773164473
0.11560710773164473
0.0
0.0
0.0
0.0
0.0
0.0
0.0
0.0
0.0
0.0
0.0
0.0
0.0
0.0
0.0
0.0
0.0
0.0
0.0
0.0
0.0
0.0
0.0
0.0
0.0
0.0
0.0
0.0
0.0
0.0
0.0
0.0
0.0
0.0
0.0
0.0
0.0
0.0
0.0
0.0
0.0
0.0
0.0
0.0
0.0
0.0
0.0
0.0
0.0
0.0
0.0
0.0
0.0
0.0
0.0
0.0
0.0
0.0
0.0
0.0
0.0
0.0
0.0
0.0
0.0
0.0
0.0
0.0
0.0
0.0
0.0
0.0
0.0
0.0
0.0
0.0
0.0
0.0
0.0
0.0
0.0
0.0
0.0
0.0
0.0
0.0
0.0
0.0
0.0
0.0
0.0
0.0
0.0
0.0
0.0
0.0
0.0
0.0
0.0
0.0
0.0
0.0
0.0
0.0
0.0
0.0
0.0
0.0
0.0
0.0
0.0
0.0
0.0
0.0
0.0
0.0
0.0
0.0
0.0
0.0
0.0
0.0
0.0
0.0
0.0
0.0
0.0
0.0
0.0
0.0
0.0
0.0
0.0
0.0
0.0
0.0
0.0
0.0
0.0
0.0
0.0
0.0
0.0
0.0
0.0
0.0
0.0
0.0
0.0
0.0
0.0
0.0
0.0
-1.220374445893367
0.0
-0.2864437152652744
-0.2864437152652744
-0.2864437152652744
0.0
-0.1955473527761632
-1.0082191890112249
-3.8151816055614756
-4.857977306962484
-4.857977306962484
0.0
-1.1887268413427867
0.0
0.0
0.0
0.0
0.0
0.0
0.0
0.0
0.0
-2.0356109678027052
-4.898287521771097
-7.80561297644689
-7.91887732883223
0.0
-0.32998677082284383
-0.5221381749510969
-3.1309306353859014
-8.536990009062231
-13.674446522342791
-13.32430722473915
0.0
0.0
-1.3199926824557626
-1.457860731463269
-1.876315825830412
-1.8871586241995486
-3.3106649904104075
-6.831387168606426
-10.352109346802443
0.0
0.0
0.17708300907529706
0.29693514451752545
-3.011098886529873
-2.542813730174715
-2.1523520896426755
-1.9593031975986008
-2.1158098826231506
-2.386082381908963
-1.9661233998452188
0.0
0.438139407104289
0.876278814208578
-1.3356407044612064
-0.8645044916630809
-4.0942164591483206
0.0
-1.2023106377464678
-0.8155555707298763
0.0
0.0
0.0
0.0
0.2662582440832013
0.0
0.0
-1.6599372944630166
-3.0017462211659716
0.0
0.0
0.0
0.0
0.0
0.0
0.0
0.0
0.0
0.0
0.0
0.0
0.0
0.0
0.0
0.0
0.0
0.0
0.0
0.0
0.0
0.0
0.0
0.0
0.0
0.0
0.0
0.0
0.0
0.0
0.0
0.0
0.0
0.0
0.0
0.0
0.0
0.0
0.0
0.0
0.0
0.0
0.0
0.0
0.0
0.0
0.0
0.0
0.0
0.0
0.0
0.0
0.0
0.0
0.0
0.0
0.0
0.0
0.0
0.0
0.0
0.0
0.0
0.0
0.0
0.0
0.0
0.0
0.0
0.0
0.0
0.0
0.0
0.0
0.0
0.0
0.0
0.0
0.0
0.0
0.0
0.0
0.0
0.0
0.0
0.0
0.0
0.0
0.0
0.0
0.0
0.0
0.0
0.0
0.0
0.0
0.0
0.0
0.0
0.0
0.0
0.0
0.0
0.0
0.0
0.0
0.0
0.0
0.0
0.0
0.0
0.0
0.0
0.0
0.0
0.0
0.0
0.0
0.0
0.0
0.0
0.0
0.0
0.0
0.0
0.0
0.0
0.0
0.0
0.0
0.0
-1.7867140608802239
0.0
0.0
0.0
0.0
-0.2739957048381778
-0.38207135495757416
-0.38207135495757416
-0.38207135495757416
-0.38207135495757416
0.0
0.0
0.0
0.0
0.0
0.0
0.0
0.0
0.0
0.0
0.12987600253965148
0.12987600253965148
0.12987600253965148
0.12987600253965148
0.12987600253965148
0.12987600253965148
0.12987600253965148
0.12987600253965148
0.0
0.0
0.0
0.0
0.0
0.0
0.0
0.0
0.0
0.0
0.0
0.0
0.0
0.0
0.0
0.0
0.0
0.0
0.0
0.0
0.0
0.0
0.0
0.0
0.0
0.0
0.0
0.0
0.0
0.0
0.0
0.0
0.0
0.0
0.0
0.0
0.0
0.0
0.0
0.0
0.0
0.0
0.0
0.0
0.0
0.0
0.0
0.0
0.0
0.0
0.0
0.0
0.0
0.0
0.0
0.0
0.0
0.0
0.0
0.0
0.0
0.0
0.0
0.0
0.0
0.0
0.0
0.0
0.0
0.0
0.0
0.0
0.0
0.0
0.0
0.0
0.0
0.0
0.0
0.0
0.0
0.0
0.0
0.0
0.0
0.0
0.0
0.0
0.0
0.0
0.0
0.0
0.0
0.0
0.0
0.0
0.0
0.0
0.0
0.0
0.0
0.0
0.0
0.0
0.0
0.0
0.0
0.0
0.0
0.0
0.0
0.0
0.0
0.0
0.0
0.0
0.0
0.0
0.0
0.0
0.0
0.0
0.0
0.0
0.0
0.0
0.0
0.0
0.0
0.0
0.0
0.0
0.0
0.0
0.0
0.0
0.0
0.0
0.0
0.0
0.0
0.0
0.0
0.0
0.0
0.0
-0.17833109243230638
0.0
-2.9581416813932258
0.0
-3.6573473422695995
0.0
0.0
0.0
0.0
0.0
0.0
0.0
-3.4530811990639254
-3.4530811990639254
-3.4530811990639254
-5.494287048154119
0.0
-3.2444032879508273
-8.0756333753649
-11.236427871428814
-16.148771775475492
-21.610146687305246
-27.222951591019584
0.0
0.0
0.0
-0.16424325083139968
-0.5182312259303592
-1.1438161074881177
-3.1306466814138307
-2.8134922942328413
-2.644323289047043
0.0
0.0
0.3657743223049228
0.6875400162797005
0.28943109156488445
0.24293339694543048
-2.3611259968524325
-1.8663712657062137
-2.7346016077106827
-2.2924195563296523
-1.9706538623548746
0.0
-1.1873234716987318
-0.8519710737269165
-0.44569284847978385
-0.7585485662201356
-4.086083078022151
0.0
-6.496997041246713
-12.880415807227605
0.0
0.0
0.0
0.0
0.21027950792983074
0.0
0.0
0.3600481284692265
-0.11444110089388815
0.0
0.0
0.0
0.0
0.0
0.0
0.0
0.0
0.0
0.0
0.0
0.0
0.0
0.0
0.0
0.0
0.0
0.0
0.0
0.0
0.0
0.0
0.0
0.0
0.0
0.0
0.0
0.0
0.0
0.0
0.0
0.0
0.0
0.0
0.0
0.0
0.0
0.0
0.0
0.0
0.0
0.0
0.0
0.0
0.0
0.0
0.0
0.0
0.0
0.0
0.0
0.0
0.0
0.0
0.0
0.0
0.0
0.0
0.0
0.0
0.0
0.0
0.0
0.0
0.0
0.0
0.0
0.0
0.0
0.0
0.0
0.0
0.0
0.0
0.0
0.0
0.0
0.0
0.0
0.0
0.0
0.0
0.0
0.0
0.0
0.0
0.0
0.0
0.0
0.0
0.0
0.0
0.0
0.0
0.0
0.0
0.0
0.0
0.0
0.0
0.0
0.0
0.0
0.0
0.0
0.0
0.0
0.0
0.0
0.0
0.0
0.0
0.0
0.0
0.0
0.0
0.0
0.0
0.0
0.0
0.0
0.0
0.0
0.0
0.0
0.0
0.0
-2.466877095921362
0.0
0.0
0.0
-1.3930792723950138
0.0
0.0
0.0
0.0
-0.8170167169863832
-0.9820469361518093
-0.834488680294946
-0.5499608563542218
-0.5499608563542218
0.0
0.0
0.0
0.0
0.0
0.0
0.0
0.0
0.0
0.0
0.0
0.0
0.0
0.0
0.0
0.0
0.0
0.0
0.0
0.0
0.0
0.0
0.0
0.0
0.0
0.0
0.0
0.0
0.0
0.0
0.0
0.0
0.0
0.0
0.0
0.0
0.0
0.0
0.0
0.0
0.0
0.0
0.0
0.0
0.0
0.0
0.0
0.0
0.0
0.0
0.0
0.0
0.0
0.0
0.0
0.0
0.0
0.0
0.0
0.0
0.0
0.0
0.0
0.0
0.0
0.0
0.0
0.0
0.0
0.0
0.0
0.0
0.0
0.0
0.0
0.0
0.0
0.0
0.0
0.0
0.0
0.0
0.0
0.0
0.0
0.0
0.0
0.0
0.0
0.0
0.0
0.0
0.0
0.0
0.0
0.0
0.0
0.0
0.0
0.0
0.0
0.0
0.0
0.0
0.0
0.0
0.0
0.0
0.0
0.0
0.0
0.0
0.0
0.0
0.0
0.0
0.0
0.0
0.0
0.0
0.0
0.0
0.0
0.0
0.0
0.0
0.0
0.0
0.0
0.0
0.0
0.0
0.0
0.0
0.0
0.0
0.0
0.0
0.0
0.0
0.0
0.0
0.0
0.0
0.0
0.0
0.0
0.0
0.0
0.0
0.0
0.0
0.0
-0.17497146664325458
0.0
-0.1642114948527789
-0.1642114948527789
-0.2523038269824336
0.0
0.0
0.0
-0.06508537101365636
-0.06508537101365636
-0.06508537101365636
0.0
0.0
0.0
0.0
0.0
0.0
0.0
0.0
0.0
0.0
0.0
-1.1900827635222622
-2.5274832108844523
-3.9247905490810555
-6.163907230515218
0.0
-3.481648950666797
-6.991347402315847
-7.690211595310969
-8.57764683856736
-10.7940408577404
-12.662037842084674
0.0
0.0
-0.12473215120888659
0.0813943994920584
-0.3165797598150505
-0.44622538954128255
-0.588420448658092
-0.20777898773456305
-0.47451545718116167
0.0
0.0
-0.13901059605670407
-0.3334516149882626
-0.3334516149882626
-0.3334516149882626
-0.17003929480739766
-0.6722942416997533
-0.23773979670784096
0.17033270126209055
-2.7208481159499582
0.0
-0.558183015279631
-4.550187643059694
-10.504905689595418
-10.570027422098175
-14.832598502144023
0.0
-4.85866539728017
-7.647818582925209
0.0
0.0
0.0
0.0
-4.774377299410747
0.0
0.0
-4.79637957051863
-4.825179449172634
0.0
0.0
0.0
0.0
0.0
0.0
0.0
0.0
0.0
0.0
0.0
0.0
0.0
0.0
0.0
0.0
0.0
0.0
0.0
0.0
0.0
0.0
0.0
0.0
0.0
0.0
0.0
0.0
0.0
0.0
0.0
0.0
0.0
0.0
0.0
0.0
0.0
0.0
0.0
0.0
0.0
0.0
0.0
0.0
0.0
0.0
0.0
0.0
0.0
0.0
0.0
0.0
0.0
0.0
0.0
0.0
0.0
0.0
0.0
0.0
0.0
0.0
0.0
0.0
0.0
0.0
0.0
0.0
0.0
0.0
0.0
0.0
0.0
0.0
0.0
0.0
0.0
0.0
0.0
0.0
0.0
0.0
0.0
0.0
0.0
0.0
0.0
0.0
0.0
0.0
0.0
0.0
0.0
0.0
0.0
0.0
0.0
0.0
0.0
0.0
0.0
0.0
0.0
0.0
0.0
0.0
0.0
0.0
0.0
0.0
0.0
0.0
0.0
0.0
0.0
0.0
0.0
0.0
0.0
0.0
0.0
0.0
0.0
0.0
0.0
0.0
0.0
-0.5326133052980071
0.0
0.0
0.0
0.0
0.0
0.0
0.0
0.0
-2.340041627229696
-3.6290923076696693
-5.327761522740119
-6.498723443847423
-7.0538737275307355
0.0
0.0
-0.5233723338914837
-0.8725477187329065
-0.8725477187329065
-0.8725477187329065
-0.8725477187329065
-0.8725477187329065
-0.8725477187329065
-0.8725477187329065
-0.8725477187329065
-0.8725477187329065
-0.8725477187329065
-0.8725477187329065
-0.8725477187329065
-0.8725477187329065
-0.8725477187329065
-0.8725477187329065
0.0
0.0
0.0
0.0
0.0
0.0
0.0
0.0
0.0
0.0
0.0
0.0
0.0
0.0
0.0
0.0
0.0
0.0
0.0
0.0
0.0
0.0
0.0
0.0
0.0
0.0
0.0
0.0
0.0
0.0
0.0
0.0
0.0
0.0
0.0
0.0
0.0
0.0
0.0
0.0
0.0
0.0
0.0
0.0
0.0
0.0
0.0
0.0
0.0
0.0
0.0
0.0
0.0
0.0
0.0
0.0
0.0
0.0
0.0
0.0
0.0
0.0
0.0
0.0
0.0
0.0
0.0
0.0
0.0
0.0
0.0
0.0
0.0
0.0
0.0
0.0
0.0
0.0
0.0
0.0
0.0
0.0
0.0
0.0
0.0
0.0
0.0
0.0
0.0
0.0
0.0
0.0
0.0
0.0
0.0
0.0
0.0
0.0
0.0
0.0
0.0
0.0
0.0
0.0
0.0
0.0
0.0
0.0
0.0
0.0
0.0
0.0
0.0
0.0
0.0
0.0
0.0
0.0
0.0
0.0
0.0
0.0
0.0
0.0
0.0
0.0
0.0
0.0
0.0
0.0
0.0
0.0
0.0
0.0
0.0
0.0
0.0
0.0
0.0
0.0
0.0
0.0
0.0
0.0
0.0
0.0
0.0
0.0
0.0
0.0
0.0
0.0
0.0
0.0
0.0
0.0
0.0
0.0
0.0
-0.15388091509044177
-0.2961025431160488
0.0
-0.2027840211161248
-0.37629735465785596
-1.286385919677623
-0.9142583777978428
-0.9142583777978428
-0.9142583777978428
0.0
0.0
0.0
-0.37758691556452073
-1.2470429997597354
-3.0540539869092393
-5.971218915610476
-8.769918664108234
-12.242749007276146
0.0
0.0
-1.809059499075214
-4.547380407599993
-4.547380407599993
-4.547380407599993
-4.364041227738987
-4.850139066384915
-5.42321830551375
-5.55199250102452
-5.778434679353881
0.0
-0.1764645505212714
0.33116999337542397
-0.031138234396792308
0.3724437849178108
-0.28897990450815514
0.0
0.0
0.0
0.0
0.0
0.0
0.0
-3.8390776544137326
0.0
0.0
-5.804451248424274
-10.910368715079548
0.0
0.0
0.0
0.0
0.0
0.0
0.0
0.0
0.0
0.0
0.0
0.0
0.0
0.0
0.0
0.0
0.0
0.0
0.0
0.0
0.0
0.0
0.0
0.0
0.0
0.0
0.0
0.0
0.0
0.0
0.0
0.0
0.0
0.0
0.0
0.0
0.0
0.0
0.0
0.0
0.0
0.0
0.0
0.0
0.0
0.0
0.0
0.0
0.0
0.0
0.0
0.0
0.0
0.0
0.0
0.0
0.0
0.0
0.0
0.0
0.0
0.0
0.0
0.0
0.0
0.0
0.0
0.0
0.0
0.0
0.0
0.0
0.0
0.0
0.0
0.0
0.0
0.0
0.0
0.0
0.0
0.0
0.0
0.0
0.0
0.0
0.0
0.0
0.0
0.0
0.0
0.0
0.0
0.0
0.0
0.0
0.0
0.0
0.0
0.0
0.0
0.0
0.0
0.0
0.0
0.0
0.0
0.0
0.0
0.0
0.0
0.0
0.0
0.0
0.0
0.0
0.0
0.0
0.0
0.0
0.0
0.0
0.0
0.0
0.0
0.0
0.0
0.0
0.0
0.0
0.0
0.0
0.0
0.0
0.0
0.0
0.0
0.0
0.0
-0.2569806074926205
-0.46985984911344364
0.0
0.0
0.0
0.0
0.0
0.0
0.0
0.0
0.0
0.0
0.0
0.0
0.0
0.0
0.0
0.0
0.0
0.0
0.0
0.0
0.0
0.0
0.0
0.0
0.0
0.0
0.0
0.0
0.0
0.0
0.0
0.0
0.0
0.0
0.0
0.0
0.0
0.0
0.0
0.0
0.0
0.0
0.0
0.0
0.0
0.0
0.0
0.0
0.0
0.0
0.0
0.0
0.0
0.0
0.0
0.0
0.0
0.0
0.0
0.0
0.0
0.0
0.0
0.0
0.0
0.0
0.0
0.0
0.0
0.0
0.0
0.0
0.0
0.0
0.0
0.0
0.0
0.0
0.0
0.0
0.0
0.0
0.0
0.0
0.0
0.0
0.0
0.0
0.0
0.0
0.0
0.0
0.0
0.0
0.0
0.0
0.0
0.0
0.0
0.0
0.0
0.0
0.0
0.0
0.0
0.0
0.0
0.0
0.0
0.0
0.0
0.0
0.0
0.0
0.0
0.0
0.0
0.0
0.0
0.0
0.0
0.0
0.0
0.0
0.0
0.0
0.0
0.0
0.0
0.0
0.0
0.0
0.0
0.0
0.0
0.0
0.0
0.0
0.0
0.0
0.0
0.0
0.0
0.0
0.0
0.0
0.0
0.0
0.0
0.0
0.0
0.0
-0.11906444392983428
-0.11906444392983428
0.0
0.0
0.0
0.0
0.0
0.0
0.0
0.0
0.0
-0.11906444392983428
0.0
-3.227947260358796
0.0
-0.8248116530798587
0.0
0.0
0.0
0.0
0.0
0.0
0.0
0.0
-0.15609904185012158
-0.31767538322307887
-0.15172188489543037
0.0
0.17307685798745065
0.35174664254245647
-0.07363114133390603
-1.2285756942025965
-4.495347359706983
-8.557047624008373
0.0
0.0
-0.5306702354555191
-0.8805114312591563
-1.4162967791939667
-0.9980756097505887
-0.6251788591716194
-0.9522161693504108
-2.3569924229775756
0.0
0.0
0.3618414482965657
0.03787010029279014
-0.3379727701192924
-0.4846563735190018
-0.6189773461003927
-0.44030756154538686
-0.12222560402205185
0.06191026965280377
-0.0758425416744255
0.0
-2.6568614350328064
-4.00021531476864
-4.9550987025376365
-4.529736544965531
-4.126081908793291
0.0
0.4124202996214066
0.8071923970238142
0.0
0.0
0.0
0.0
-0.1307684121902255
0.0
0.0
-4.735636383872034
-4.223984591278341
0.0
0.0
0.0
0.0
0.0
0.0
0.0
0.0
0.0
0.0
0.0
0.0
0.0
0.0
0.0
0.0
0.0
0.0
0.0
0.0
0.0
0.0
0.0
0.0
0.0
0.0
0.0
0.0
0.0
0.0
0.0
0.0
0.0
0.0
0.0
0.0
0.0
0.0
0.0
0.0
0.0
0.0
0.0
0.0
0.0
0.0
0.0
0.0
0.0
0.0
0.0
0.0
0.0
0.0
0.0
0.0
0.0
0.0
0.0
0.0
0.0
0.0
0.0
0.0
0.0
0.0
0.0
0.0
0.0
0.0
0.0
0.0
0.0
0.0
0.0
0.0
0.0
0.0
0.0
0.0
0.0
0.0
0.0
0.0
0.0
0.0
0.0
0.0
0.0
0.0
0.0
0.0
0.0
0.0
0.0
0.0
0.0
0.0
0.0
0.0
0.0
0.0
0.0
0.0
0.0
0.0
0.0
0.0
0.0
0.0
0.0
0.0
0.0
0.0
0.0
0.0
0.0
0.0
0.0
0.0
0.0
0.0
0.0
0.0
0.0
0.0
0.0
-0.21820627196706976
0.0
0.0
0.0
-3.2643800889697294
0.0
0.0
0.0
0.0
0.0
-0.11414335691849228
-0.7688190222995213
-1.4874262703301606
-4.144588010555079
0.0
-2.3854207382162564
-2.3854207382162564
-2.5021315634578736
-2.684442900388456
-2.625344157325416
-2.5068619978317748
-2.2040277358582285
-2.0214780498136284
-2.0214780498136284
-2.0214780498136284
-2.0214780498136284
-2.0214780498136284
-2.0214780498136284
-2.0214780498136284
-2.0214780498136284
-2.0214780498136284
-2.0214780498136284
0.0
0.0
0.0
0.0
0.0
0.0
0.0
0.0
0.0
0.0
0.0
0.0
0.0
0.0
0.0
0.0
0.0
0.0
0.0
0.0
0.0
0.0
0.0
0.0
0.0
0.0
0.0
0.0
0.0
0.0
0.0
0.0
0.0
0.0
0.0
0.0
0.0
0.0
0.0
0.0
0.0
0.0
0.0
0.0
0.0
0.0
0.0
0.0
0.0
0.0
0.0
0.0
0.0
0.0
0.0
0.0
0.0
0.0
0.0
0.0
0.0
0.0
0.0
0.0
0.0
0.0
0.0
0.0
0.0
0.0
0.0
0.0
0.0
0.0
0.0
0.0
0.0
0.0
0.0
0.0
0.0
0.0
0.0
0.0
0.0
0.0
0.0
0.0
0.0
0.0
0.0
0.0
0.0
0.0
0.0
0.0
0.0
0.0
0.0
0.0
0.0
0.0
0.0
0.0
0.0
0.0
0.0
0.0
0.0
0.0
0.0
0.0
0.0
0.0
0.0
0.0
0.0
0.0
0.0
0.0
0.0
0.0
0.0
0.0
0.0
0.0
0.0
0.0
0.0
0.0
0.0
0.0
0.0
0.0
0.0
-0.12395783408961059
-0.12395783408961059
0.0
0.0
0.0
0.0
0.0
0.0
0.17306627037058642
0.17306627037058642
0.17306627037058642
-0.15388705965385274
0.0
0.0
0.0
0.0
0.0
0.0
0.0
0.0
0.0
0.0
0.0
-1.3176904202075985
-1.0150283652618
-2.0286497532529504
-2.5290939757089994
0.0
-3.053854450151157
-2.7104301810933986
-2.8302727563019947
-3.1053424169866286
-3.016488294500891
-4.6652013062279
0.0
0.0
0.4873414690163307
-0.31240289543735633
-5.078413378129197
-4.569768411990321
-5.718383664915972
-5.252891622275395
-4.9356983237587375
0.0
0.0
-0.35817332190630224
-0.01049504942172641
0.3975588233763758
0.5650830900633969
0.45472105261512863
0.31130243124749335
-0.11335872966039151
-1.880982459708484
-3.9606471673256545
0.0
-0.33703620552571123
-0.5276968665116699
-3.265844738295436
-3.428036146410249
-3.86827984336756
0.0
-4.299246643933037
-6.803260752219481
0.0
0.0
0.0
0.0
-0.6465531599403314
0.0
0.0
-1.672975181176442
-3.2755293155050413
0.0
0.0
0.0
0.0
0.0
0.0
0.0
0.0
0.0
0.0
0.0
0.0
0.0
0.0
0.0
0.0
0.0
0.0
0.0
0.0
0.0
0.0
0.0
0.0
0.0
0.0
0.0
0.0
0.0
0.0
0.0
0.0
0.0
0.0
0.0
0.0
0.0
0.0
0.0
0.0
0.0
0.0
0.0
0.0
0.0
0.0
0.0
0.0
0.0
0.0
0.0
0.0
0.0
0.0
0.0
0.0
0.0
0.0
0.0
0.0
0.0
0.0
0.0
0.0
0.0
0.0
0.0
0.0
0.0
0.0
0.0
0.0
0.0
0.0
0.0
0.0
0.0
0.0
0.0
0.0
0.0
0.0
0.0
0.0
0.0
0.0
0.0
0.0
0.0
0.0
0.0
0.0
0.0
0.0
0.0
0.0
0.0
0.0
0.0
0.0
0.0
0.0
0.0
0.0
0.0
0.0
0.0
0.0
0.0
0.0
0.0
0.0
0.0
0.0
0.0
0.0
0.0
0.0
0.0
0.0
0.0
0.0
0.0
0.0
0.0
0.0
0.0
-0.6511519133542185
0.0
0.0
0.0
0.0
0.0
0.0
0.0
0.0
-0.42503488164910874
-0.2771300947736053
-0.2771300947736053
-0.2771300947736053
-0.2771300947736053
0.0
0.0
0.0
0.0
0.0
0.0
0.0
0.0
0.0
0.0
0.0
0.0
0.0
0.0
0.0
0.0
0.0
0.0
0.0
0.0
0.0
0.0
0.0
0.0
0.0
0.0
0.0
0.0
0.0
0.0
0.0
0.0
0.0
0.0
0.0
0.0
0.0
0.0
0.0
0.0
0.0
0.0
0.0
0.0
0.0
0.0
0.0
0.0
0.0
0.0
0.0
0.0
0.0
0.0
0.0
0.0
0.0
0.0
0.0
0.0
0.0
0.0
0.0
0.0
0.0
0.0
0.0
0.0
0.0
0.0
0.0
0.0
0.0
0.0
0.0
0.0
0.0
0.0
0.0
0.0
0.0
0.0
0.0
0.0
0.0
0.0
0.0
0.0
0.0
0.0
0.0
0.0
0.0
0.0
0.0
0.0
0.0
0.0
0.0
0.0
0.0
0.0
0.0
0.0
0.0
0.0
0.0
0.0
0.0
0.0
0.0
0.0
0.0
0.0
0.0
0.0
0.0
0.0
0.0
0.0
0.0
0.0
0.0
0.0
0.0
0.0
0.0
0.0
0.0
0.0
0.0
0.0
0.0
0.0
0.0
0.0
0.0
0.0
0.0
0.0
0.0
0.0
0.0
0.0
0.0
0.0
0.0
0.0
0.0
0.0
0.0
0.0
-0.12533148198706834
-0.2820343735026658
0.0
-0.9433174631517276
-0.9433174631517276
-0.9433174631517276
0.0
0.0
0.0
-0.0749753290411996
-0.0749753290411996
-0.0749753290411996
0.0
-0.22865490050374263
0.0
-0.11239787854592298
0.0
0.0
0.0
0.0
0.0
0.0
0.0
0.0
0.0
0.0
0.16232703000119197
0.0
-0.3591584423923915
-0.19028890507855534
-0.345801351384023
-0.23154777922785674
-0.39892937314924437
-0.5421911336468527
0.0
0.0
-4.782252011047152
-7.876129168148554
-7.434657452430206
-10.359733402392106
-13.612649367449759
-16.190727288941524
-16.721568248323642
0.0
0.0
0.08516701748182598
-1.7932333643702885
-5.19521905657702
-5.300865044871108
-4.847825581491728
-8.642520646582017
-13.043103340324901
-17.825355351372053
-22.484028277977295
0.0
0.483050187134229
0.9842974178078954
1.3036545136239195
-0.2360953799127723
-3.175054092751828
0.0
0.44181209729600646
-3.121010725705418
0.0
0.0
0.0
0.0
-1.2531060668390726
0.0
0.0
-5.601043531140417
-5.071649119205505
0.0
0.0
0.0
0.0
0.0
0.0
0.0
0.0
0.0
0.0
0.0
0.0
0.0
0.0
0.0
0.0
0.0
0.0
0.0
0.0
0.0
0.0
0.0
0.0
0.0
0.0
0.0
0.0
0.0
0.0
0.0
0.0
0.0
0.0
0.0
0.0
0.0
0.0
0.0
0.0
0.0
0.0
0.0
0.0
0.0
0.0
0.0
0.0
0.0
0.0
0.0
0.0
0.0
0.0
0.0
0.0
0.0
0.0
0.0
0.0
0.0
0.0
0.0
0.0
0.0
0.0
0.0
0.0
0.0
0.0
0.0
0.0
0.0
0.0
0.0
0.0
0.0
0.0
0.0
0.0
0.0
0.0
0.0
0.0
0.0
0.0
0.0
0.0
0.0
0.0
0.0
0.0
0.0
0.0
0.0
0.0
0.0
0.0
0.0
0.0
0.0
0.0
0.0
0.0
0.0
0.0
0.0
0.0
0.0
0.0
0.0
0.0
0.0
0.0
0.0
0.0
0.0
0.0
0.0
0.0
0.0
0.0
0.0
0.0
0.0
0.0
0.0
0.0
0.0
0.0
0.0
0.0
0.0
0.0
0.0
0.0
0.0
0.0
-0.8456103958196347
-1.7473539757050616
-2.530049053876108
0.0
-0.7315276648335792
-0.7315276648335792
-0.7315276648335792
-0.8185089415102422
-0.6076342248564078
-0.6076342248564078
-0.6076342248564078
-0.6076342248564078
-0.6076342248564078
-0.6076342248564078
-0.6076342248564078
-0.6076342248564078
-0.6076342248564078
-0.6076342248564078
-0.6076342248564078
-0.6076342248564078
-0.6076342248564078
0.0
0.0
0.0
0.0
0.0
0.0
0.0
0.0
0.0
0.0
0.0
0.0
0.0
0.0
0.0
0.0
0.0
0.0
0.0
0.0
0.0
0.0
0.0
0.0
0.0
0.0
0.0
0.0
0.0
0.0
0.0
0.0
0.0
0.0
0.0
0.0
0.0
0.0
0.0
0.0
0.0
0.0
0.0
0.0
0.0
0.0
0.0
0.0
0.0
0.0
0.0
0.0
0.0
0.0
0.0
0.0
0.0
0.0
0.0
0.0
0.0
0.0
0.0
0.0
0.0
0.0
0.0
0.0
0.0
0.0
0.0
0.0
0.0
0.0
0.0
0.0
0.0
0.0
0.0
0.0
0.0
0.0
0.0
0.0
0.0
0.0
0.0
0.0
0.0
0.0
0.0
0.0
0.0
0.0
0.0
0.0
0.0
0.0
0.0
0.0
0.0
0.0
0.0
0.0
0.0
0.0
0.0
0.0
0.0
0.0
0.0
0.0
0.0
0.0
0.0
0.0
0.0
0.0
0.0
0.0
0.0
0.0
0.0
0.0
0.0
0.0
0.0
0.0
0.0
0.0
0.0
0.0
0.0
0.0
0.0
0.0
0.0
-0.1625519248357586
-0.1625519248357586
-0.1625519248357586
0.0
-0.4450710269244396
-1.1061338179829696
-3.351522790972766
-3.300845323930593
-3.300845323930593
0.0
-0.6335138085171351
0.0
-3.5285009341502986
0.0
0.0
0.0
0.0
0.0
0.0
0.0
-3.2656312061848642
-4.223220702018949
-7.223023198102173
-8.64964112344836
0.0
-1.054717076981045
-1.054717076981045
-1.054717076981045
-1.054717076981045
-1.054717076981045
-1.3319376689309708
0.0
0.0
-0.4070660234963067
-1.1964059556911542
-1.766690990622927
-2.1942980841041186
-2.330598257185464
-2.0314604519060637
-1.5453679434121022
0.0
0.0
-6.474889404913752
-13.126365833992509
-19.276121013917574
-25.786549709063443
-30.67137187183752
-30.862230670815794
-36.36866427579512
-40.705783617125704
-45.523840248762866
0.0
-6.510428695145867
-12.696796913994556
-18.104988556180636
-18.020924425127916
-19.568467657787266
0.0
0.0
-0.09886905324485085
0.0
0.0
0.0
0.0
0.3563108302602196
0.0
0.0
0.4810401229384622
0.44166701474596826
0.0
0.0
0.0
0.0
0.0
0.0
0.0
0.0
0.0
0.0
0.0
0.0
0.0
0.0
0.0
0.0
0.0
0.0
0.0
0.0
0.0
0.0
0.0
0.0
0.0
0.0
0.0
0.0
0.0
0.0
0.0
0.0
0.0
0.0
0.0
0.0
0.0
0.0
0.0
0.0
0.0
0.0
0.0
0.0
0.0
0.0
0.0
0.0
0.0
0.0
0.0
0.0
0.0
0.0
0.0
0.0
0.0
0.0
0.0
0.0
0.0
0.0
0.0
0.0
0.0
0.0
0.0
0.0
0.0
0.0
0.0
0.0
0.0
0.0
0.0
0.0
0.0
0.0
0.0
0.0
0.0
0.0
0.0
0.0
0.0
0.0
0.0
0.0
0.0
0.0
0.0
0.0
0.0
0.0
0.0
0.0
0.0
0.0
0.0
0.0
0.0
0.0
0.0
0.0
0.0
0.0
0.0
0.0
0.0
0.0
0.0
0.0
0.0
0.0
0.0
0.0
0.0
0.0
0.0
0.0
0.0
0.0
0.0
0.0
0.0
0.0
0.0
-0.1555414073800374
0.0
0.0
0.0
0.0
0.0
0.0
0.0
0.0
0.0
0.0
-1.2233336376827415
-1.2233336376827415
-1.2233336376827415
0.0
0.0
0.0
0.0
0.0
0.0
0.0
0.0
0.0
0.0
0.0
0.0
0.0
0.0
-0.9325656136976281
-2.231599448947837
-3.790389760425194
-3.790389760425194
0.0
0.0
0.0
0.0
0.0
0.0
0.0
0.0
0.0
0.0
0.0
0.0
0.0
0.0
0.0
0.0
0.0
0.0
0.0
0.0
0.0
0.0
0.0
0.0
0.0
0.0
0.0
0.0
0.0
0.0
0.0
0.0
0.0
0.0
0.0
0.0
0.0
0.0
0.0
0.0
0.0
0.0
0.0
0.0
0.0
0.0
0.0
0.0
0.0
0.0
0.0
0.0
0.0
0.0
0.0
0.0
0.0
0.0
0.0
0.0
0.0
0.0
0.0
0.0
0.0
0.0
0.0
0.0
0.0
0.0
0.0
0.0
0.0
0.0
0.0
0.0
0.0
0.0
0.0
0.0
0.0
0.0
0.0
0.0
0.0
0.0
0.0
0.0
0.0
0.0
0.0
0.0
0.0
0.0
0.0
0.0
0.0
0.0
0.0
0.0
0.0
0.0
0.0
0.0
0.0
0.0
0.0
0.0
0.0
0.0
0.0
0.0
0.0
0.0
0.0
0.0
0.0
0.0
0.0
0.0
0.0
0.0
0.0
0.0
0.0
0.0
0.0
0.0
0.0
0.0
0.0
0.0
0.0
0.0
0.0
0.0
0.0
0.0
0.0
0.0
0.0
0.0
0.0
0.0
0.0
0.0
0.0
0.0
0.0
0.0
0.0
0.0
0.0
0.0
0.0
0.0
0.0
0.0
0.0
0.0
0.0
0.0
-0.05269292232242223
-0.05269292232242223
-0.18982462303590272
-0.4909975727188355
-0.6954076120177942
-0.920367158629051
0.0
0.0
-3.208341044187457
-7.4219790193875825
-11.313062451330469
-15.204145883273355
-17.890520318873524
-17.5824775574429
-17.418732072655864
0.0
0.0
0.3378985825788292
0.6419040266085579
-0.017333084545912647
-2.296067940557039
-4.575950612407182
-7.744893553986459
-9.767867575652494
-12.575125082281952
-15.099242835139762
0.0
0.497452387522467
0.9076603948351856
1.3031352483774874
1.1532676258399188
1.3125395699718536
0.0
0.18899153672202695
0.5193382757528361
0.0
0.0
0.0
0.0
-2.1527421447687756
0.0
0.0
-6.570989193779853
-12.739512941546348
0.0
0.0
0.0
0.0
0.0
0.0
0.0
0.0
0.0
0.0
0.0
0.0
0.0
0.0
0.0
0.0
0.0
0.0
0.0
0.0
0.0
0.0
0.0
0.0
0.0
0.0
0.0
0.0
0.0
0.0
0.0
0.0
0.0
0.0
0.0
0.0
0.0
0.0
0.0
0.0
0.0
0.0
0.0
0.0
0.0
0.0
0.0
0.0
0.0
0.0
0.0
0.0
0.0
0.0
0.0
0.0
0.0
0.0
0.0
0.0
0.0
0.0
0.0
0.0
0.0
0.0
0.0
0.0
0.0
0.0
0.0
0.0
0.0
0.0
0.0
0.0
0.0
0.0
0.0
0.0
0.0
0.0
0.0
0.0
0.0
0.0
0.0
0.0
0.0
0.0
0.0
0.0
0.0
0.0
0.0
0.0
0.0
0.0
0.0
0.0
0.0
0.0
0.0
0.0
0.0
0.0
0.0
0.0
0.0
0.0
0.0
0.0
0.0
0.0
0.0
0.0
0.0
0.0
0.0
0.0
0.0
0.0
0.0
0.0
0.0
0.0
0.0
0.0
0.0
0.0
0.0
0.0
0.0
0.0
0.0
0.0
-0.057195375818967775
-0.18668279562233497
-0.13773670031407165
-0.13773670031407165
-0.13773670031407165
0.0
0.0
0.0
0.0
-0.03287872421267708
-0.03287872421267708
-0.03287872421267708
-0.03287872421267708
-0.03287872421267708
-0.03287872421267708
-0.03287872421267708
-0.03287872421267708
-0.03287872421267708
-0.03287872421267708
-0.03287872421267708
-0.03287872421267708
-0.03287872421267708
-0.03287872421267708
0.0
0.0
0.0
0.0
0.0
0.0
0.0
0.0
0.0
0.0
0.0
0.0
0.0
0.0
0.0
0.0
0.0
0.0
0.0
0.0
0.0
0.0
0.0
0.0
0.0
0.0
0.0
0.0
0.0
0.0
0.0
0.0
0.0
0.0
0.0
-0.10223509289433588
-0.10223509289433588
-0.10223509289433588
-0.10223509289433588
-0.10223509289433588
0.0
0.0
0.0
0.0
0.0
0.0
0.0
0.0
0.0
0.0
0.0
0.0
0.0
0.0
0.0
0.0
0.0
0.0
0.0
0.0
0.0
0.0
0.0
0.0
0.0
0.0
0.0
0.0
0.0
0.0
0.0
0.0
0.0
0.0
0.0
0.0
0.0
0.0
0.0
0.0
0.0
0.0
0.0
0.0
0.0
0.0
0.0
0.0
0.0
0.0
0.0
0.0
0.0
0.0
0.0
0.0
0.0
0.0
0.0
0.0
0.0
0.0
0.0
0.0
0.0
0.0
0.0
0.0
0.0
0.0
0.0
0.0
0.0
0.0
0.0
0.0
0.0
0.0
0.0
0.0
0.0
0.0
0.0
0.0
0.0
0.0
0.0
0.0
0.0
0.0
0.0
0.0
0.0
0.0
0.0
0.0
0.0
0.0
-0.32154654858610815
-0.3928221628602017
-3.890829971795283
0.0
-3.3511141530016615
-3.1892660718714687
-3.5761886175397857
-3.755399626469929
-3.755399626469929
0.0
0.0
0.0
0.0
0.0
0.0
0.0
0.0
0.0
0.0
0.0
-0.10752341407550658
-0.10752341407550658
-0.42458221039089405
-3.84859352472277
0.0
-0.45274176288384993
-0.09723710244562644
-0.17982211870325868
-0.17982211870325868
-0.17982211870325868
-0.2624071349608909
0.0
0.0
-0.16288825816938252
-0.3052284459362095
-0.29470365680582816
-4.2792295307434545
-10.310383600200286
-17.541875158513413
-21.976760252317447
0.0
0.0
-4.727176947736849
-5.392879825582657
-4.929702339085612
-7.423649376100551
-6.934546986451
-6.482749871875232
-7.123406630699149
-11.062845240309155
-10.679216517728825
0.0
-4.808923625767872
-9.739098819346857
-15.100997008318561
-20.041558821331975
-24.536306457953575
0.0
-3.081079244368274
-8.087410300078062
0.0
0.0
0.0
0.0
-2.7283446925862505
0.0
0.0
0.20091531948834151
-0.015916039873773657
0.0
0.0
0.0
0.0
0.0
0.0
0.0
0.0
0.0
0.0
0.0
0.0
0.0
0.0
0.0
0.0
0.0
0.0
0.0
0.0
0.0
0.0
0.0
0.0
0.0
0.0
0.0
0.0
0.0
0.0
0.0
0.0
0.0
0.0
0.0
0.0
0.0
0.0
0.0
0.0
0.0
0.0
0.0
0.0
0.0
0.0
0.0
0.0
0.0
0.0
0.0
0.0
0.0
0.0
0.0
0.0
0.0
0.0
0.0
0.0
0.0
0.0
0.0
0.0
0.0
0.0
0.0
0.0
0.0
0.0
0.0
0.0
0.0
0.0
0.0
0.0
0.0
0.0
0.0
0.0
0.0
0.0
0.0
0.0
0.0
0.0
0.0
0.0
0.0
0.0
0.0
0.0
0.0
0.0
0.0
0.0
0.0
0.0
0.0
0.0
0.0
0.0
0.0
0.0
0.0
0.0
0.0
0.0
0.0
0.0
0.0
0.0
0.0
0.0
0.0
0.0
0.0
0.0
0.0
0.0
0.0
0.0
0.0
0.0
0.0
0.0
0.0
-0.5667031893581225
0.0
0.0
0.0
0.0
0.0
0.0
0.0
0.0
0.0
0.0
0.0
0.0
0.0
0.0
0.0
0.0
0.0
0.0
0.0
0.0
-0.23969615430036834
-0.23969615430036834
-0.23969615430036834
-0.23969615430036834
-0.23969615430036834
-0.23969615430036834
-0.23969615430036834
-0.23969615430036834
-0.23969615430036834
-0.23969615430036834
-0.23969615430036834
0.0
0.0
0.0
0.0
0.0
0.0
0.0
0.0
0.0
0.0
0.0
0.0
0.0
0.0
0.0
0.0
0.0
0.0
0.0
0.0
0.0
0.0
0.0
0.0
-0.10748379693516194
-0.10748379693516194
-0.17695391609314767
0.0
0.0
0.0
0.0
0.0
0.0
0.0
0.0
0.0
0.0
0.0
0.0
0.0
0.0
0.0
0.0
0.0
0.0
0.0
0.0
0.0
0.0
0.0
0.0
0.0
0.0
0.0
0.0
0.0
0.0
0.0
0.0
0.0
0.0
0.0
0.0
0.0
0.0
0.0
0.0
0.0
0.0
0.0
0.0
0.0
0.0
0.0
0.0
0.0
0.0
0.0
0.0
0.0
0.0
0.0
0.0
0.0
0.0
0.0
0.0
0.0
0.0
0.0
0.0
0.0
0.0
0.0
0.0
0.0
0.0
0.0
0.0
0.0
0.0
0.0
0.0
0.0
0.0
0.0
0.0
0.0
0.0
0.0
0.0
0.0
0.0
0.0
0.0
0.0
0.0
0.0
0.0
0.0
0.0
0.0
0.0
0.0
0.0
0.0
0.0
0.0
0.0
0.0
0.0
0.0
0.0
0.0
0.0
0.0
0.0
0.0
0.0
0.0
0.0
-0.07958245176902204
-0.2341997494442549
-0.2341997494442549
-0.49737275969194616
-0.49737275969194616
0.0
0.0
0.0
0.0
0.0
0.0
0.0
0.0
0.0
0.0
0.0
-3.227097874612828
-7.199234893324675
-10.142856592134954
-14.114993610846803
0.0
-3.1399789025853657
-5.8874984650702284
-6.017492894512257
-6.226080631494263
-8.53946829983282
-10.16746400133094
0.0
0.0
0.17242431799670377
-0.17462073818021434
0.014953213789060282
0.18438749848443042
0.012565512413335173
-0.12125490885125395
-0.30785765311688457
0.0
0.0
-2.6809662874187
-3.5043343057675034
-4.348122462590659
-6.156191653914258
-8.90371121639912
-11.976134325396721
-15.072867485005242
-14.713016251591727
-14.274946448810525
0.0
-2.223473263500577
-1.8307059857562786
-1.3576567666733743
-1.1635155256403147
-0.7345162805328214
0.0
0.35779722116595947
0.0985858164956932
0.0
0.0
0.0
0.0
-4.085461485736781
0.0
0.0
-2.291258200616693
-1.771731718418686
0.0
0.0
0.0
0.0
0.0
0.0
0.0
0.0
0.0
0.0
0.0
0.0
0.0
0.0
0.0
0.0
0.0
0.0
0.0
0.0
0.0
0.0
0.0
0.0
0.0
0.0
0.0
0.0
0.0
0.0
0.0
0.0
0.0
0.0
0.0
0.0
0.0
0.0
0.0
0.0
0.0
0.0
0.0
0.0
0.0
0.0
0.0
0.0
0.0
0.0
0.0
0.0
0.0
0.0
0.0
0.0
0.0
0.0
0.0
0.0
0.0
0.0
0.0
0.0
0.0
0.0
0.0
0.0
0.0
0.0
0.0
0.0
0.0
0.0
0.0
0.0
0.0
0.0
0.0
0.0
0.0
0.0
0.0
0.0
0.0
0.0
0.0
0.0
0.0
0.0
0.0
0.0
0.0
0.0
0.0
0.0
0.0
0.0
0.0
0.0
0.0
0.0
0.0
0.0
0.0
0.0
0.0
0.0
0.0
0.0
0.0
0.0
0.0
0.0
0.0
0.0
0.0
0.0
0.0
0.0
0.0
0.0
0.0
0.0
0.0
0.0
0.0
-0.3383769618672674
0.0
0.0
0.0
-2.8946798904097104
0.0
0.0
0.0
0.0
0.2095798571038916
-1.3247812082762596
-1.3247812082762596
-1.3247812082762596
-1.3247812082762596
0.0
-0.586588234456338
-0.586588234456338
-0.586588234456338
-0.586588234456338
-0.586588234456338
-0.586588234456338
-0.586588234456338
-0.586588234456338
-0.586588234456338
-0.586588234456338
-0.586588234456338
-0.586588234456338
-0.586588234456338
-0.586588234456338
-0.586588234456338
-0.586588234456338
-0.586588234456338
0.0
0.0
0.0
0.0
0.0
0.0
0.0
0.0
0.0
0.0
0.0
0.0
0.0
0.0
0.0
0.0
0.0
0.0
0.0
0.0
0.0
0.0
0.0
0.0
0.0
0.0
0.0
0.0
0.0
0.0
0.0
0.0
0.0
0.0
0.0
0.0
0.0
0.0
0.0
0.0
0.0
0.0
0.0
0.0
0.0
0.0
0.0
0.0
0.0
0.0
0.0
0.0
0.0
0.0
0.0
0.0
0.0
0.0
0.0
0.0
0.0
0.0
0.0
0.0
0.0
0.0
0.0
0.0
0.0
0.0
0.0
0.0
0.0
0.0
0.0
0.0
0.0
0.0
0.0
0.0
0.0
0.0
0.0
0.0
0.0
0.0
0.0
0.0
0.0
0.0
0.0
0.0
0.0
0.0
0.0
0.0
0.0
0.0
0.0
0.0
0.0
0.0
0.0
0.0
0.0
0.0
0.0
0.0
0.0
0.0
0.0
0.0
0.0
0.0
0.0
0.0
0.0
0.0
0.0
0.0
0.0
0.0
0.0
0.0
0.0
0.0
0.0
0.0
0.0
0.0
0.0
0.0
0.0
0.0
0.0
0.0
0.0
0.0
0.0
-0.38382622704378305
0.0
0.0
0.0
0.0
0.0
0.0
0.0
0.0
0.0
-0.9961717626155848
0.0
0.0
0.0
0.0
0.0
0.0
0.0
-0.19863415350386943
-0.19863415350386943
-0.19863415350386943
-0.19863415350386943
0.0
-0.2617549972006278
-0.2617549972006278
-0.5237278027619938
-1.402429801653176
-1.402429801653176
-1.436251936483593
0.0
0.0
-0.362296320658557
-0.490408942866016
-0.5771708977031039
-0.7101212913414505
-0.8319879592945683
-0.48775301829671047
-0.48775301829671047
0.0
0.0
-0.20261254500988343
-0.32059678080166054
-0.17397524914430829
-0.953038716461793
-2.4811157024730877
-2.1150146691127496
-2.641380197260429
-5.133357021228504
-8.76871562773172
0.0
0.4963663735717616
0.8614977508052877
-4.583207338383728
-9.251288644722761
-8.872706799211006
0.0
-4.622433209994249
-9.290514516333282
0.0
0.0
0.0
0.0
0.4218954946244131
0.0
0.0
-5.658897944543443
-10.942386076030608
0.0
0.0
0.0
0.0
0.0
0.0
0.0
0.0
0.0
0.0
0.0
0.0
0.0
0.0
0.0
0.0
0.0
0.0
0.0
0.0
0.0
0.0
0.0
0.0
0.0
0.0
0.0
0.0
0.0
0.0
0.0
0.0
0.0
0.0
0.0
0.0
0.0
0.0
0.0
0.0
0.0
0.0
0.0
0.0
0.0
0.0
0.0
0.0
0.0
0.0
0.0
0.0
0.0
0.0
0.0
0.0
0.0
0.0
0.0
0.0
0.0
0.0
0.0
0.0
0.0
0.0
0.0
0.0
0.0
0.0
0.0
0.0
0.0
0.0
0.0
0.0
0.0
0.0
0.0
0.0
0.0
0.0
0.0
0.0
0.0
0.0
0.0
0.0
0.0
0.0
0.0
0.0
0.0
0.0
0.0
0.0
0.0
0.0
0.0
0.0
0.0
0.0
0.0
0.0
0.0
0.0
0.0
0.0
0.0
0.0
0.0
0.0
0.0
0.0
0.0
0.0
0.0
0.0
0.0
0.0
0.0
0.0
0.0
0.0
0.0
0.0
0.0
-0.06742806868324103
0.0
0.0
0.0
0.27933664667540203
0.0
0.0
0.0
0.0
0.0
0.0
0.0
0.0
0.0
0.0
-0.16093161267578815
-0.39765504528526086
-0.39765504528526086
-0.39765504528526086
-0.39765504528526086
-0.39765504528526086
-0.39765504528526086
-0.39765504528526086
-0.39765504528526086
-0.39765504528526086
-0.39765504528526086
-0.39765504528526086
-0.5592318926139738
-0.5592318926139738
-0.5592318926139738
-0.5592318926139738
-0.5592318926139738
0.0
0.0
0.0
0.0
0.0
0.0
0.0
0.0
0.0
0.0
0.0
0.0
0.0
0.0
0.0
0.0
0.0
0.0
0.0
0.0
0.0
0.0
0.0
0.0
0.0
0.0
0.0
0.0
0.0
0.0
0.0
0.0
0.0
0.0
0.0
0.0
0.0
0.0
0.0
0.0
0.0
0.0
0.0
0.0
0.0
0.0
0.0
0.0
0.0
0.0
0.0
0.0
0.0
0.0
0.0
0.0
0.0
0.0
0.0
0.0
0.0
0.0
0.0
0.0
0.0
0.0
0.0
0.0
0.0
0.0
0.0
0.0
0.0
0.0
0.0
0.0
0.0
0.0
0.0
0.0
0.0
0.0
0.0
0.0
0.0
0.0
0.0
0.0
0.0
0.0
0.0
0.0
0.0
0.0
0.0
0.0
0.0
0.0
0.0
0.0
0.0
0.0
0.0
0.0
0.0
0.0
0.0
0.0
0.0
0.0
0.0
0.0
0.0
0.0
0.0
0.0
0.0
0.0
0.0
0.0
0.0
0.0
0.0
0.0
0.0
0.0
0.0
0.0
0.0
0.0
0.0
0.0
0.0
0.0
-0.3490400952249907
-0.3490400952249907
0.0
0.0
0.0
0.0
0.0
0.0
-0.08269353593565629
-0.4334963535620896
-0.5464687096172948
-0.3711794213669912
0.0
0.0
0.0
0.0
0.0
0.0
0.0
0.0
0.0
0.0
0.0
0.0
0.0
0.0
0.0
0.0
-0.35488451039303726
-0.6960867754982121
-0.801677187558746
-0.801677187558746
-0.8340647922944038
-0.9396552043549377
0.0
0.0
-1.4776630120004555
-1.3082642337844441
-1.1192198405008447
-1.2967215882395993
-1.1103873935674686
-0.7441172465056707
-0.4275372665232722
0.0
0.0
0.18359423930844454
0.35590348690234874
0.35590348690234874
-0.043169986753834655
0.28816455475630454
0.06047972872122842
-0.09808024666853965
-0.31334575681002874
-2.1186933482765617
0.0
-0.08930616298449112
0.26843447124940334
0.6874240113905532
0.13155835276473438
-3.472359681778289
0.0
-1.800462530564548
-4.916033817046261
0.0
0.0
0.0
0.0
-3.608082574648493
0.0
0.0
-2.2752268572645553
-6.007472365475479
0.0
0.0
0.0
0.0
0.0
0.0
0.0
0.0
0.0
0.0
0.0
0.0
0.0
0.0
0.0
0.0
0.0
0.0
0.0
0.0
0.0
0.0
0.0
0.0
0.0
0.0
0.0
0.0
0.0
0.0
0.0
0.0
0.0
0.0
0.0
0.0
0.0
0.0
0.0
0.0
0.0
0.0
0.0
0.0
0.0
0.0
0.0
0.0
0.0
0.0
0.0
0.0
0.0
0.0
0.0
0.0
0.0
0.0
0.0
0.0
0.0
0.0
0.0
0.0
0.0
0.0
0.0
0.0
0.0
0.0
0.0
0.0
0.0
0.0
0.0
0.0
0.0
0.0
0.0
0.0
0.0
0.0
0.0
0.0
0.0
0.0
0.0
0.0
0.0
0.0
0.0
0.0
0.0
0.0
0.0
0.0
0.0
0.0
0.0
0.0
0.0
0.0
0.0
0.0
0.0
0.0
0.0
0.0
0.0
0.0
0.0
0.0
0.0
0.0
0.0
0.0
0.0
0.0
0.0
0.0
0.0
0.0
0.0
0.0
0.0
0.0
0.0
0.13189318063238997
0.0
0.0
0.0
0.25148838776605953
0.0
0.0
0.0
0.0
0.14577916215811249
0.08361738556963563
0.08361738556963563
0.08361738556963563
-0.0037827206745862096
0.0
0.0
0.0
0.0
0.0
0.0
0.0
0.0
0.0
0.0
0.0
0.0
0.0
0.0
0.0
0.0
0.0
0.0
0.0
0.0
0.0
0.0
0.0
0.0
0.0
0.0
0.0
0.0
0.0
0.0
0.0
0.0
0.0
0.0
0.0
0.0
0.0
0.0
0.0
0.0
0.0
0.0
0.0
0.0
0.0
0.0
0.0
0.0
0.0
0.0
0.0
0.0
0.0
0.0
0.0
0.0
0.0
0.0
0.0
0.0
0.0
0.0
0.0
0.0
0.0
0.0
0.0
0.0
0.0
0.0
0.0
0.0
0.0
0.0
0.0
0.0
0.0
0.0
0.0
0.0
0.0
0.0
0.0
0.0
0.0
0.0
0.0
0.0
0.0
0.0
0.0
0.0
0.0
0.0
0.0
0.0
0.0
0.0
0.0
0.0
0.0
0.0
0.0
0.0
0.0
0.0
0.0
0.0
0.0
0.0
0.0
0.0
0.0
0.0
0.0
0.0
0.0
0.0
0.0
0.0
0.0
0.0
0.0
0.0
0.0
0.0
0.0
0.0
0.0
0.0
0.0
0.0
0.0
0.0
0.0
0.0
0.0
0.0
0.0
0.0
0.0
0.0
0.0
0.0
0.0
0.0
0.0
0.0
0.0
0.0
0.0
0.0
0.0
-0.2552610552871678
-1.5380439719962227
0.0
-1.2574409623960872
-3.045815940193024
-6.430395144639594
0.0
-3.1035512780123136
-3.8767435753411212
-4.1053887766225445
-4.1053887766225445
-4.650710238246268
0.0
-0.16381095740079776
0.0
0.0
0.0
0.0
0.0
0.0
0.0
0.0
0.0
-0.2706366774402975
-1.0704629874526124
-1.8219434935871686
-3.013900452717239
0.0
-0.20462976351877749
-1.876688276846807
-2.4063536237500642
-4.008276147582868
-4.679446753814678
-5.3506173600464875
0.0
0.0
-2.2615719435053125
-2.3629251241196876
-2.5662570612401283
-2.5662570612401283
-2.664216777686966
-2.964531761182805
-3.2733255810819935
0.0
0.0
-2.978842073998095
-6.643711940830501
-10.028429761914602
-11.504094023128792
-15.105919931530268
-18.254212143517734
-17.87465008984999
-17.491031970357017
-17.107413850864045
0.0
-0.5170213204862348
-3.8657630636509044
-9.06301246362186
-12.892319167152376
-14.114086880010131
0.0
-4.945808415514394
-9.417157479634486
0.0
0.0
0.0
0.0
0.4708440960470681
0.0
0.0
0.5053125113782295
0.16654100826303297
0.0
0.0
0.0
0.0
0.0
0.0
0.0
0.0
0.0
0.0
0.0
0.0
0.0
0.0
0.0
0.0
0.0
0.0
0.0
0.0
0.0
0.0
0.0
0.0
0.0
0.0
0.0
0.0
0.0
0.0
0.0
0.0
0.0
0.0
0.0
0.0
0.0
0.0
0.0
0.0
0.0
0.0
0.0
0.0
0.0
0.0
0.0
0.0
0.0
0.0
0.0
0.0
0.0
0.0
0.0
0.0
0.0
0.0
0.0
0.0
0.0
0.0
0.0
0.0
0.0
0.0
0.0
0.0
0.0
0.0
0.0
0.0
0.0
0.0
0.0
0.0
0.0
0.0
0.0
0.0
0.0
0.0
0.0
0.0
0.0
0.0
0.0
0.0
0.0
0.0
0.0
0.0
0.0
0.0
0.0
0.0
0.0
0.0
0.0
0.0
0.0
0.0
0.0
0.0
0.0
0.0
0.0
0.0
0.0
0.0
0.0
0.0
0.0
0.0
0.0
0.0
0.0
0.0
0.0
0.0
0.0
0.0
0.0
0.0
0.0
0.0
0.0
0.2916612225925237
0.0
0.0
0.0
-0.74892960893409
0.0
0.0
0.0
0.0
0.0
-1.0969113216148996
-3.323733089677387
-5.796080678691052
-7.776537017534762
0.0
-0.5115698444274912
-0.8623096906200649
-0.8844756239202411
-0.9066415572204174
-0.9066415572204174
-0.9066415572204174
-0.9066415572204174
-0.9066415572204174
-0.9066415572204174
-0.9066415572204174
-0.9066415572204174
-0.9066415572204174
-0.9066415572204174
-0.9066415572204174
-0.9066415572204174
-0.9066415572204174
-0.9066415572204174
0.0
0.0
0.0
0.0
0.0
0.0
0.0
0.0
0.0
0.0
0.0
0.0
0.0
0.0
0.0
0.0
0.0
0.0
0.0
0.0
0.0
0.0
0.0
0.0
0.0
0.0
0.0
0.0
0.0
0.0
0.0
0.0
0.0
0.0
0.0
0.0
0.0
0.0
0.0
0.0
0.0
0.0
0.0
0.0
0.0
0.0
0.0
0.0
0.0
0.0
0.0
0.0
0.0
0.0
0.0
0.0
0.0
0.0
0.0
0.0
0.0
0.0
0.0
0.0
0.0
0.0
0.0
0.0
0.0
0.0
0.0
0.0
0.0
0.0
0.0
0.0
0.0
0.0
0.0
0.0
0.0
0.0
0.0
0.0
0.0
0.0
0.0
0.0
0.0
0.0
0.0
0.0
0.0
0.0
0.0
0.0
0.0
0.0
0.0
0.0
0.0
0.0
0.0
0.0
0.0
0.0
0.0
0.0
0.0
0.0
0.0
0.0
0.0
0.0
0.0
0.0
0.0
0.0
0.0
0.0
0.0
0.0
0.0
0.0
0.0
0.0
0.0
0.0
0.0
0.0
0.0
0.0
0.0
0.0
0.0
0.0
0.0
0.0
-0.513044476927258
-1.1531952621663142
0.0
-1.3181263270843866
-3.304750730528868
-5.926270602066911
-6.670033087934299
-6.670033087934299
0.0
0.0
0.0
-0.44800264345434654
0.0
0.0
0.0
0.0
0.0
0.0
0.0
-1.1062039212004557
-5.017064790002058
-8.96501750776322
-12.986657782974527
0.0
0.3859393151895125
0.04202564703707934
-0.19396652231108324
0.183898285231339
-2.221857176840427
-3.145529453223367
0.0
0.0
0.37786480754242224
0.0005238832767744395
-1.661509443190269
-6.834795449199123
-13.098301773318683
-19.22237815660413
-23.166641612989363
0.0
0.0
0.4438029733452138
-2.463874258941093
-5.9403636218199
-5.614769752700985
-5.293470155990135
-5.651728452081201
-6.181625194690881
-6.842213298988662
-6.52960290130981
0.0
-1.5831013542789114
-5.778307319938236
-5.345732947570738
-4.958825742801513
-4.958825742801513
0.0
-0.29351165678727653
-1.0590044775371132
0.0
0.0
0.0
0.0
0.390385814524264
0.0
0.0
-2.984669306209585
-8.482554517701013
0.0
0.0
0.0
0.0
0.0
0.0
0.0
0.0
0.0
0.0
0.0
0.0
0.0
0.0
0.0
0.0
0.0
0.0
0.0
0.0
0.0
0.0
0.0
0.0
0.0
0.0
0.0
0.0
0.0
0.0
0.0
0.0
0.0
0.0
0.0
0.0
0.0
0.0
0.0
0.0
0.0
0.0
0.0
0.0
0.0
0.0
0.0
0.0
0.0
0.0
0.0
0.0
0.0
0.0
0.0
0.0
0.0
0.0
0.0
0.0
0.0
0.0
0.0
0.0
0.0
0.0
0.0
0.0
0.0
0.0
0.0
0.0
0.0
0.0
0.0
0.0
0.0
0.0
0.0
0.0
0.0
0.0
0.0
0.0
0.0
0.0
0.0
0.0
0.0
0.0
0.0
0.0
0.0
0.0
0.0
0.0
0.0
0.0
0.0
0.0
0.0
0.0
0.0
0.0
0.0
0.0
0.0
0.0
0.0
0.0
0.0
0.0
0.0
0.0
0.0
0.0
0.0
0.0
0.0
0.0
0.0
0.0
0.0
0.0
0.0
0.0
0.0
-0.33187727440580117
0.0
0.0
0.0
-1.8491855545398344
0.0
0.0
0.0
0.0
-0.07169849973500791
-0.07169849973500791
-0.07169849973500791
-0.07169849973500791
-0.07169849973500791
0.0
-1.0549214677777758
-1.0549214677777758
-1.0549214677777758
-1.0549214677777758
-1.0549214677777758
-1.0549214677777758
-1.0549214677777758
-1.0549214677777758
-1.0549214677777758
-1.0549214677777758
-1.0549214677777758
-1.0549214677777758
-1.0549214677777758
-1.0549214677777758
-1.0549214677777758
-1.0549214677777758
-1.0549214677777758
0.0
0.0
0.0
0.0
0.0
0.0
0.0
0.0
0.0
0.0
0.0
0.0
0.0
0.0
0.0
0.0
0.0
0.0
0.0
0.0
0.0
0.0
0.0
0.0
0.0
0.0
0.0
0.0
0.0
0.0
0.0
0.0
0.0
0.0
0.0
0.0
0.0
0.0
0.0
0.0
0.0
0.0
0.0
0.0
0.0
0.0
0.0
0.0
0.0
0.0
0.0
0.0
0.0
0.0
0.0
0.0
0.0
0.0
0.0
0.0
0.0
0.0
0.0
0.0
0.0
0.0
0.0
0.0
0.0
0.0
0.0
0.0
0.0
0.0
0.0
0.0
0.0
0.0
0.0
0.0
0.0
0.0
0.0
0.0
0.0
0.0
0.0
0.0
0.0
0.0
0.0
0.0
0.0
0.0
0.0
0.0
0.0
0.0
0.0
0.0
0.0
0.0
0.0
0.0
0.0
0.0
0.0
0.0
0.0
0.0
0.0
0.0
0.0
0.0
0.0
0.0
0.0
0.0
0.0
0.0
0.0
0.0
0.0
0.0
0.0
0.0
0.0
0.0
0.0
0.0
0.0
0.0
0.0
0.0
0.27131977196506385
-0.45290372434200976
0.0
-0.11369883639283873
0.024788133824632963
0.05179284683764196
0.0
-0.7458334792024165
-1.014408545792656
-1.014408545792656
-1.014408545792656
-1.014408545792656
0.0
0.0
0.0
0.0
0.0
0.0
0.0
0.0
0.0
0.0
0.0
-0.42871910566674254
-0.8539306017731266
-0.9605327896798402
-1.1194134111770744
0.0
-2.478873834047511
-4.847114562106236
-4.504554472948661
-4.630904888954667
-4.732909644627461
-4.573062057708954
0.0
0.0
0.057758058114437016
-1.420018782700233
-4.082149111109525
-7.987890878443929
-12.69527775064308
-17.892562233429818
-22.389910918788722
0.0
0.0
-2.925734263922808
-6.2452888397501845
-8.268302315943155
-9.824105270386886
-11.818363479637352
-11.373680052521586
-10.969129201649356
-11.026727899210247
-11.026727899210247
0.0
-0.8231138270628375
-5.513621793775485
-8.719587148017844
-13.923643224903035
-17.76915833006285
0.0
-2.135515884392184
-1.673316853709581
0.0
0.0
0.0
0.0
-5.481721560123774
0.0
0.0
-4.752124728585118
-9.956180805470307
0.0
0.0
0.0
0.0
0.0
0.0
0.0
0.0
0.0
0.0
0.0
0.0
0.0
0.0
0.0
0.0
0.0
0.0
0.0
0.0
0.0
0.0
0.0
0.0
0.0
0.0
0.0
0.0
0.0
0.0
0.0
0.0
0.0
0.0
0.0
0.0
0.0
0.0
0.0
0.0
0.0
0.0
0.0
0.0
0.0
0.0
0.0
0.0
0.0
0.0
0.0
0.0
0.0
0.0
0.0
0.0
0.0
0.0
0.0
0.0
0.0
0.0
0.0
0.0
0.0
0.0
0.0
0.0
0.0
0.0
0.0
0.0
0.0
0.0
0.0
0.0
0.0
0.0
0.0
0.0
0.0
0.0
0.0
0.0
0.0
0.0
0.0
0.0
0.0
0.0
0.0
0.0
0.0
0.0
0.0
0.0
0.0
0.0
0.0
0.0
0.0
0.0
0.0
0.0
0.0
0.0
0.0
0.0
0.0
0.0
0.0
0.0
0.0
0.0
0.0
0.0
0.0
0.0
0.0
0.0
0.0
0.0
0.0
0.0
0.0
0.0
0.0
0.08907566293194602
0.0
0.0
0.0
-0.7750851675720676
0.0
0.0
0.0
0.0
-0.9189457468188419
-1.2316315398855326
-2.3293170514301718
-4.119006716445824
-4.331147614166696
0.0
-0.07120680163673675
-1.078510924211393
-2.184974178999626
-3.1828362597847035
-3.3147225695058635
-3.629445402803322
-3.629445402803322
-3.9465205818453417
-4.403639019026116
-4.749510593341756
-5.2916807291082915
-5.2916807291082915
-5.2916807291082915
-5.2916807291082915
-5.2916807291082915
-5.2916807291082915
-5.2916807291082915
0.0
0.0
0.0
0.0
0.0
0.0
0.0
0.0
0.0
0.0
0.0
0.0
0.0
0.0
0.0
0.0
0.0
0.0
0.0
0.0
0.0
0.0
0.0
0.0
0.0
0.0
0.0
0.0
0.0
0.0
0.0
0.0
0.0
0.0
0.0
0.0
0.0
0.0
0.0
0.0
0.0
0.0
0.0
0.0
0.0
0.0
0.0
0.0
0.0
0.0
0.0
0.0
0.0
0.0
0.0
0.0
0.0
0.0
0.0
0.0
0.0
0.0
0.0
0.0
0.0
0.0
0.0
0.0
0.0
0.0
0.0
0.0
0.0
0.0
0.0
0.0
0.0
0.0
0.0
0.0
0.0
0.0
0.0
0.0
0.0
0.0
0.0
0.0
0.0
0.0
0.0
0.0
0.0
0.0
0.0
0.0
0.0
0.0
0.0
0.0
0.0
0.0
0.0
0.0
0.0
0.0
0.0
0.0
0.0
0.0
0.0
0.0
0.0
0.0
0.0
0.0
0.0
0.0
0.0
0.0
0.0
0.0
0.0
0.0
0.0
0.0
0.0
0.0
0.0
0.0
0.0
0.0
0.0
0.0
0.0
0.0
0.0
0.0
0.0
0.0
0.0
-0.5108719490608551
-2.078288487620183
-3.4340079629333364
-5.108646326116549
-5.108646326116549
0.0
-0.40985611093556956
0.0
-1.6135852549812795
0.0
0.0
0.0
0.0
0.0
0.0
0.0
-2.5332226632223533
-4.81711105389544
-7.921778641148276
-11.379641231914515
0.0
-1.5807648185336263
-1.3960016073893544
-1.647143133231111
-1.647143133231111
-1.9494138628053599
-2.053960275734134
0.0
0.0
0.0
-0.08199395957376357
-0.08199395957376357
-0.2071039919919619
-0.34840023343145504
-0.5894198102435351
-1.7716719154495477
0.0
0.0
-2.843578687781069
-8.00001188414334
-10.484694408414057
-13.301018830657725
-12.85405297490205
-12.534787519981121
-14.073324446311144
-18.23832636568327
-22.490500893397734
0.0
-5.540294946089717
-6.366449224302624
-11.574091843943474
-17.133666633944046
-19.044764656119323
0.0
0.4181694772235012
-1.4608461484512751
0.0
0.0
0.0
0.0
0.0
0.0
0.0
-0.15258851855720756
-1.2740596883186264
0.0
0.0
0.0
0.0
0.0
0.0
0.0
0.0
0.0
0.0
0.0
0.0
0.0
0.0
0.0
0.0
0.0
0.0
0.0
0.0
0.0
0.0
0.0
0.0
0.0
0.0
0.0
0.0
0.0
0.0
0.0
0.0
0.0
0.0
0.0
0.0
0.0
0.0
0.0
0.0
0.0
0.0
0.0
0.0
0.0
0.0
0.0
0.0
0.0
0.0
0.0
0.0
0.0
0.0
0.0
0.0
0.0
0.0
0.0
0.0
0.0
0.0
0.0
0.0
0.0
0.0
0.0
0.0
0.0
0.0
0.0
0.0
0.0
0.0
0.0
0.0
0.0
0.0
0.0
0.0
0.0
0.0
0.0
0.0
0.0
0.0
0.0
0.0
0.0
0.0
0.0
0.0
0.0
0.0
0.0
0.0
0.0
0.0
0.0
0.0
0.0
0.0
0.0
0.0
0.0
0.0
0.0
0.0
0.0
0.0
0.0
0.0
0.0
0.0
0.0
0.0
0.0
0.0
0.0
0.0
0.0
0.0
0.0
0.0
0.0
0.0
0.0
-0.19031786808694912
0.0
0.0
0.0
0.148535466497965
0.0
0.0
0.0
0.0
0.0
-0.05868572994829155
-0.14793306982776552
-0.22020130247972883
-0.22020130247972883
0.0
0.0
0.0
0.0
0.0
0.0
0.22073649495491365
0.28938945894546375
-1.3682595497325414
-3.2064750653281537
-5.655468635682427
-6.615514284634786
-7.97826718163244
-9.58811188116328
-11.094705774514093
-12.901248401202432
-14.15061415960142
-16.02021575371245
0.0
0.0
0.0
0.0
0.0
0.0
0.0
0.0
0.0
0.0
0.0
0.0
0.0
0.0
0.0
0.0
0.0
0.0
0.0
0.0
0.0
0.0
0.0
0.0
0.0
0.0
0.0
0.0
0.0
0.0
0.0
0.0
0.0
0.0
0.0
0.0
0.0
0.0
0.0
0.0
0.0
0.0
0.0
0.0
0.0
0.0
0.0
0.0
0.0
0.0
0.0
0.0
0.0
0.0
0.0
0.0
0.0
0.0
0.0
0.0
0.0
0.0
0.0
0.0
0.0
0.0
0.0
0.0
0.0
0.0
0.0
0.0
0.0
0.0
0.0
0.0
0.0
0.0
0.0
0.0
0.0
0.0
0.0
0.0
0.0
0.0
0.0
0.0
0.0
0.0
0.0
0.0
0.0
0.0
0.0
0.0
0.0
0.0
0.0
0.0
0.0
0.0
0.0
0.0
0.0
0.0
0.0
0.0
0.0
0.0
0.0
0.0
0.0
0.0
0.0
0.0
0.0
0.0
0.0
0.0
0.0
0.0
0.0
0.0
0.0
0.0
0.0
0.0
0.0
0.0
0.0
0.0
0.0
0.0
0.0
0.0
-2.944538971331777
0.0
0.0
0.0
0.0
0.0
-2.901456834666943
-6.05699123378213
-9.731768411973926
-12.13618730655363
-13.82168238646906
0.0
-1.9569000939795624
0.0
0.0
0.0
0.0
0.0
0.0
0.0
0.0
0.0
0.0
0.0
-0.2563657464418041
-0.2563657464418041
0.0
-0.14804008494734108
-0.3743635305167816
-1.047820014593231
-5.900387596014594
-11.034089644854324
-10.587385617420148
0.0
0.0
-0.2770453311619947
-0.10724367175929539
0.2894708343084419
-0.7769399673270033
-0.3683888022197307
-1.0805487359559391
-0.630129651333986
0.0
0.0
-0.0730044662156925
-0.0730044662156925
-0.0730044662156925
-0.23732296262993785
-0.07869657544456515
-0.2638460045093319
-0.3836961750850492
-0.2166383861712608
-0.038193143357953596
0.0
0.36828338286749096
-1.0287660353480936
-5.848005593101835
-8.16550190813598
-12.72248283076105
0.0
-1.5161031794193822
-4.16630558033776
0.0
0.0
0.0
0.0
-0.12703994296106946
0.0
0.0
-4.484276091291409
-4.0730860472427155
0.0
0.0
0.0
0.0
0.0
0.0
0.0
0.0
0.0
0.0
0.0
0.0
0.0
0.0
0.0
0.0
0.0
0.0
0.0
0.0
0.0
0.0
0.0
0.0
0.0
0.0
0.0
0.0
0.0
0.0
0.0
0.0
0.0
0.0
0.0
0.0
0.0
0.0
0.0
0.0
0.0
0.0
0.0
0.0
0.0
0.0
0.0
0.0
0.0
0.0
0.0
0.0
0.0
0.0
0.0
0.0
0.0
0.0
0.0
0.0
0.0
0.0
0.0
0.0
0.0
0.0
0.0
0.0
0.0
0.0
0.0
0.0
0.0
0.0
0.0
0.0
0.0
0.0
0.0
0.0
0.0
0.0
0.0
0.0
0.0
0.0
0.0
0.0
0.0
0.0
0.0
0.0
0.0
0.0
0.0
0.0
0.0
0.0
0.0
0.0
0.0
0.0
0.0
0.0
0.0
0.0
0.0
0.0
0.0
0.0
0.0
0.0
0.0
0.0
0.0
0.0
0.0
0.0
0.0
0.0
0.0
0.0
0.0
0.0
0.0
0.0
0.0
0.0
0.0
0.0
0.0
-0.19925631401891927
0.0
0.0
0.0
0.0
0.0
0.0
0.0
0.0
0.0
0.0
0.0
0.0
0.0
0.0
0.0
0.0
0.0
0.0
0.0
0.0
0.0
0.0
0.0
0.0
0.0
0.0
0.0
0.0
0.0
0.0
0.0
0.0
0.0
0.0
0.0
0.0
0.0
0.0
0.0
0.0
0.0
0.0
0.0
0.0
0.0
0.0
0.0
0.0
0.0
0.0
0.0
-0.04027667867789842
-0.04027667867789842
-0.04027667867789842
0.0
0.0
0.0
0.0
0.0
0.0
0.0
0.0
0.0
0.0
0.0
0.0
0.0
0.0
0.0
0.0
0.0
0.0
0.0
0.0
0.0
0.0
0.0
0.0
0.0
0.0
0.0
0.0
0.0
0.0
0.0
0.0
0.0
0.0
0.0
0.0
0.0
0.0
0.0
0.0
0.0
0.0
0.0
0.0
0.0
0.0
0.0
0.0
0.0
0.0
0.0
0.0
0.0
0.0
0.0
0.0
0.0
0.0
0.0
0.0
0.0
0.0
0.0
0.0
0.0
0.0
0.0
0.0
0.0
0.0
0.0
0.0
0.0
0.0
0.0
0.0
0.0
0.0
0.0
0.0
0.0
0.0
0.0
0.0
0.0
0.0
0.0
0.0
0.0
0.0
0.0
0.0
0.0
0.0
0.0
0.0
0.0
0.0
0.0
0.0
0.0
0.0
0.0
0.0
0.0
0.0
0.0
0.0
0.0
0.0
0.0
0.0
0.0
0.0
0.0
0.0
0.0
0.0
-1.171012936012233
0.0
-2.471129523770031
0.0
-3.7335453183136775
0.0
0.0
0.0
0.0
0.0
0.0
0.0
-0.8174294557710268
-2.9624488984632293
-2.811190126669514
-2.811190126669514
0.0
-0.27893855600713713
-0.5125118031407019
-0.7349236265386045
-0.809122257735374
-1.0426955048689388
-1.415508095079359
0.0
0.0
-0.01040546916976659
0.3598095729362474
-1.2183746075091475
-2.114598686270401
-4.201324435446178
-7.048798231484505
-10.8632169306976
0.0
0.0
-1.0054007842509098
-3.9169502285947146
-6.128105046463471
-6.756296913487106
-8.118957910253117
-10.810151044910747
-13.790844397580992
-16.10614128600748
-15.691671084869483
0.0
0.509883195867697
0.880098237973711
-0.4664958570881068
-0.7512880069052069
-0.7512880069052069
0.0
-0.5698477624784237
-0.5698477624784237
0.0
0.0
0.0
0.0
-2.157550307473648
0.0
0.0
0.46634035649588657
0.9086355945490951
0.0
0.0
0.0
0.0
0.0
0.0
0.0
0.0
0.0
0.0
0.0
0.0
0.0
0.0
0.0
0.0
0.0
0.0
0.0
0.0
0.0
0.0
0.0
0.0
0.0
0.0
0.0
0.0
0.0
0.0
0.0
0.0
0.0
0.0
0.0
0.0
0.0
0.0
0.0
0.0
0.0
0.0
0.0
0.0
0.0
0.0
0.0
0.0
0.0
0.0
0.0
0.0
0.0
0.0
0.0
0.0
0.0
0.0
0.0
0.0
0.0
0.0
0.0
0.0
0.0
0.0
0.0
0.0
0.0
0.0
0.0
0.0
0.0
0.0
0.0
0.0
0.0
0.0
0.0
0.0
0.0
0.0
0.0
0.0
0.0
0.0
0.0
0.0
0.0
0.0
0.0
0.0
0.0
0.0
0.0
0.0
0.0
0.0
0.0
0.0
0.0
0.0
0.0
0.0
0.0
0.0
0.0
0.0
0.0
0.0
0.0
0.0
0.0
0.0
0.0
0.0
0.0
0.0
0.0
0.0
0.0
0.0
0.0
0.0
0.0
0.0
0.0
-1.3023685283759563
0.0
0.0
0.0
0.0
0.0
0.0
0.0
0.0
-0.42341859168097595
-2.6040353589350036
-4.743821879151636
-5.467609402857774
-6.191396926563913
0.0
-0.8168431187685119
-0.8168431187685119
-0.8168431187685119
-0.8168431187685119
-0.8168431187685119
-0.8168431187685119
-0.8168431187685119
-0.8168431187685119
-0.8168431187685119
-0.8168431187685119
-0.8168431187685119
-0.8168431187685119
-0.8168431187685119
-0.8168431187685119
-0.8168431187685119
-0.8168431187685119
-0.8168431187685119
0.0
0.0
0.0
0.0
0.0
0.0
0.0
0.0
0.0
0.0
0.0
0.0
0.0
0.0
0.0
0.0
0.0
0.0
0.0
0.0
0.0
0.0
0.0
0.0
0.0
0.0
0.0
0.0
0.0
0.0
0.0
0.0
0.0
0.0
0.0
0.0
0.0
0.0
0.0
0.0
0.0
0.0
0.0
0.0
0.0
0.0
0.0
0.0
0.0
0.0
0.0
0.0
0.0
0.0
0.0
0.0
0.0
0.0
0.0
0.0
0.0
0.0
0.0
0.0
0.0
0.0
0.0
0.0
0.0
0.0
0.0
0.0
0.0
0.0
0.0
0.0
0.0
0.0
0.0
0.0
0.0
0.0
0.0
0.0
0.0
0.0
0.0
0.0
0.0
0.0
0.0
0.0
0.0
0.0
0.0
0.0
0.0
0.0
0.0
0.0
0.0
0.0
0.0
0.0
0.0
0.0
0.0
0.0
0.0
0.0
0.0
0.0
0.0
0.0
0.0
0.0
0.0
0.0
0.0
0.0
0.0
0.0
0.0
0.0
0.0
0.0
0.0
0.0
0.0
0.0
0.0
0.0
0.0
0.0
0.0
0.0
0.0
0.0
0.0
0.0
0.0
0.0
0.0
0.0
0.0
0.0
0.0
0.0
0.0
0.0
0.0
0.0
0.0
0.0
0.0
0.0
0.0
-0.35228726716296566
-0.4939578511784022
-0.4939578511784022
-0.6967255859676682
0.0
0.18729607335971232
0.01830469318043504
-0.3263952985848945
-0.7384872851499683
-0.5540013823776759
-0.8956355890601009
0.0
0.0
0.18729607335971232
0.23062258504394484
-2.0486144909177573
-4.5133041685497215
-4.334541467466165
-4.1444675137139795
-5.066255371213926
0.0
0.0
0.19282090417277775
0.042423447611597886
-0.16163885505318232
-1.529314096925146
-1.135497140958021
-0.6462725352776109
-0.142294675711087
-2.134176058756805
-4.822909653292539
0.0
-4.501580433704632
-8.840488548982496
-8.642261565902611
-8.642261565902611
-8.642261565902611
0.0
0.0
-0.16787737572478956
0.0
0.0
0.0
0.0
-0.15060806872399657
0.0
0.0
0.41081154657262187
0.8625327615643292
0.0
0.0
0.0
0.0
0.0
0.0
0.0
0.0
0.0
0.0
0.0
0.0
0.0
0.0
0.0
0.0
0.0
0.0
0.0
0.0
0.0
0.0
0.0
0.0
0.0
0.0
0.0
0.0
0.0
0.0
0.0
0.0
0.0
0.0
0.0
0.0
0.0
0.0
0.0
0.0
0.0
0.0
0.0
0.0
0.0
0.0
0.0
0.0
0.0
0.0
0.0
0.0
0.0
0.0
0.0
0.0
0.0
0.0
0.0
0.0
0.0
0.0
0.0
0.0
0.0
0.0
0.0
0.0
0.0
0.0
0.0
0.0
0.0
0.0
0.0
0.0
0.0
0.0
0.0
0.0
0.0
0.0
0.0
0.0
0.0
0.0
0.0
0.0
0.0
0.0
0.0
0.0
0.0
0.0
0.0
0.0
0.0
0.0
0.0
0.0
0.0
0.0
0.0
0.0
0.0
0.0
0.0
0.0
0.0
0.0
0.0
0.0
0.0
0.0
0.0
0.0
0.0
0.0
0.0
0.0
0.0
0.0
0.0
0.0
0.0
0.0
0.0
-0.33399440106159994
0.0
0.0
0.0
0.0
0.0
0.0
0.0
0.0
0.0
0.0
0.0
0.0
0.0
0.0
0.0
0.0
0.0
0.0
0.0
0.05453537449707169
-0.5290525302587502
-1.5448986967781169
-1.842781561322532
-2.0565437663388875
-2.1467069446436335
-2.1467069446436335
-2.1467069446436335
-2.1467069446436335
-2.1467069446436335
-2.1467069446436335
-2.1467069446436335
0.0
0.0
0.0
0.0
0.0
0.0
0.0
0.0
0.0
0.0
0.0
0.0
0.0
0.0
0.0
0.0
0.0
0.0
0.0
0.0
0.0
0.0
0.0
0.0
0.0
0.0
0.0
0.0
0.0
0.0
0.0
0.0
0.0
0.0
0.0
0.0
0.0
0.0
0.0
0.0
0.0
0.0
0.0
0.0
0.0
0.0
0.0
0.0
0.0
0.0
0.0
0.0
0.0
0.0
0.0
0.0
0.0
0.0
0.0
0.0
0.0
0.0
0.0
0.0
0.0
0.0
0.0
0.0
0.0
0.0
0.0
0.0
0.0
0.0
0.0
0.0
0.0
0.0
0.0
0.0
0.0
0.0
0.0
0.0
0.0
0.0
0.0
0.0
0.0
0.0
0.0
0.0
0.0
0.0
0.0
0.0
0.0
0.0
0.0
0.0
0.0
0.0
0.0
0.0
0.0
0.0
0.0
0.0
0.0
0.0
0.0
0.0
0.0
0.0
0.0
0.0
0.0
0.0
0.0
0.0
0.0
0.0
0.0
0.0
0.0
0.0
0.0
0.0
0.0
0.0
0.0
0.0
0.0
0.0
0.0
0.0
0.0
0.0
-0.07399518480173028
-0.39012956069289123
0.0
-1.1126797372902375
-3.6832380057492857
-5.102241461975996
-6.31162434747086
-9.16207892063597
0.0
-1.8986226996244726
0.0
0.2997306272771817
0.0
0.0
0.0
0.0
0.0
0.0
0.0
0.032140787812863
-0.08697064275235566
0.08394161789741716
0.19322737888006547
0.0
-1.4979829976809609
-1.3335198921402442
-1.4980938318823367
-1.6626677716244291
-1.4895483377199792
-1.162339340167167
0.0
0.0
-1.0334137777055514
-3.910590853359674
-3.500286473359248
-3.10630069735997
-4.715003688455587
-6.2869258774635695
-8.269721464356197
0.0
0.0
-2.4114189495143203
-4.764181856035087
-4.569407545256308
-4.167212270336062
-4.14725823525154
-5.28342277977748
-8.683319335254614
-13.627128643607186
-18.650452430779445
0.0
-4.557762126813959
-10.63335492039645
-15.968361566371502
-17.533654314002767
-17.432924848442966
0.0
-0.13079808364107806
-0.2957694065114054
0.0
0.0
0.0
0.0
-5.461796548496688
0.0
0.0
0.4588817024315617
0.905407086803943
0.0
0.0
0.0
0.0
0.0
0.0
0.0
0.0
0.0
0.0
0.0
0.0
0.0
0.0
0.0
0.0
0.0
0.0
0.0
0.0
0.0
0.0
0.0
0.0
0.0
0.0
0.0
0.0
0.0
0.0
0.0
0.0
0.0
0.0
0.0
0.0
0.0
0.0
0.0
0.0
0.0
0.0
0.0
0.0
0.0
0.0
0.0
0.0
0.0
0.0
0.0
0.0
0.0
0.0
0.0
0.0
0.0
0.0
0.0
0.0
0.0
0.0
0.0
0.0
0.0
0.0
0.0
0.0
0.0
0.0
0.0
0.0
0.0
0.0
0.0
0.0
0.0
0.0
0.0
0.0
0.0
0.0
0.0
0.0
0.0
0.0
0.0
0.0
0.0
0.0
0.0
0.0
0.0
0.0
0.0
0.0
0.0
0.0
0.0
0.0
0.0
0.0
0.0
0.0
0.0
0.0
0.0
0.0
0.0
0.0
0.0
0.0
0.0
0.0
0.0
0.0
0.0
0.0
0.0
0.0
0.0
0.0
0.0
0.0
0.0
0.0
0.0
0.24854542774414468
0.0
0.0
0.0
-1.3829603985640844
0.0
0.0
0.0
0.0
-0.24755617448099548
-0.24755617448099548
-0.24755617448099548
-0.24755617448099548
-0.5779734343378002
0.0
-0.6888803555962102
-0.7382121573409217
-0.7382121573409217
-0.7382121573409217
-0.7382121573409217
-0.7382121573409217
-0.7382121573409217
-0.7382121573409217
-0.7382121573409217
-0.7382121573409217
-0.7382121573409217
-0.7382121573409217
-0.7382121573409217
-0.7382121573409217
-0.7382121573409217
-0.7382121573409217
-0.7382121573409217
0.0
0.0
0.0
0.0
0.0
0.0
0.0
0.0
0.0
0.0
0.0
0.0
0.0
0.0
0.0
0.0
0.0
0.0
0.0
0.0
0.0
0.0
0.0
0.0
0.0
0.0
0.0
0.0
0.0
0.0
0.0
0.0
0.0
0.0
0.0
0.0
0.0
0.0
0.0
0.0
0.0
0.0
0.0
0.0
0.0
0.0
0.0
0.0
0.0
0.0
0.0
0.0
0.0
0.0
0.0
0.0
0.0
0.0
0.0
0.0
0.0
0.0
0.0
0.0
0.0
0.0
0.0
0.0
0.0
0.0
0.0
0.0
0.0
0.0
0.0
0.0
0.0
0.0
0.0
0.0
0.0
0.0
0.0
0.0
0.0
0.0
0.0
0.0
0.0
0.0
0.0
0.0
0.0
0.0
0.0
0.0
0.0
0.0
0.0
0.0
0.0
0.0
0.0
0.0
0.0
0.0
0.0
0.0
0.0
0.0
0.0
0.0
0.0
0.0
0.0
0.0
0.0
0.0
0.0
0.0
0.0
0.0
0.0
0.0
0.0
0.0
0.0
0.0
0.0
0.0
0.0
0.0
0.0
0.0
0.0
0.0
0.0
0.0
0.0
0.0
0.0
0.0
0.0
0.0
0.0
0.0
0.0
0.0
0.0
0.0
0.0
0.0
0.0
0.0
0.0
0.0
0.0
0.0
0.0
0.0
0.0
0.0
0.0
0.0
0.0
0.0
0.0
0.0
0.0
0.0
0.0
0.0
0.0
0.0
0.0
0.0
0.0
0.0
0.0
0.0
0.0
0.0
0.0
0.0
0.0
0.0
0.0
0.0
0.0
0.0
0.0
0.0
0.0
0.0
0.0
0.0
0.0
0.0
0.0
0.0
0.0
0.0
0.0
0.0
0.0
0.0
0.0
0.0
0.0
0.0
0.0
0.0
0.0
0.0
0.0
0.0
0.0
0.0
0.0
0.0
0.0
0.0
0.0
0.0
0.0
0.0
0.0
0.0
0.0
0.0
0.0
0.0
0.0
0.0
0.0
0.0
0.0
0.0
0.0
0.0
0.0
0.0
0.0
0.0
0.0
0.0
0.0
0.0
0.0
0.0
0.0
0.0
0.0
0.0
0.0
0.0
0.0
0.0
0.0
0.0
0.0
0.0
0.0
0.0
0.0
0.0
0.0
0.0
0.0
0.0
0.0
0.0
0.0
0.0
0.0
0.0
0.0
0.0
0.0
0.0
0.0
0.0
0.0
0.0
0.0
0.0
0.0
0.0
0.0
0.0
0.0
0.0
0.0
0.0
0.0
0.0
0.0
0.0
0.0
0.0
0.0
0.0
0.0
0.0
0.0
0.0
0.0
0.0
0.0
0.0
0.0
0.0
0.0
0.0
0.0
0.0
0.0
0.0
0.0
0.0
0.0
0.0
0.0
0.0
0.0
0.0
0.0
0.0
0.0
0.0
0.0
0.0
0.0
0.0
0.0
0.0
0.0
0.0
0.0
0.0
0.0
0.0
0.0
0.0
0.0
0.0
0.0
0.0
0.0
0.0
0.0
0.0
0.0
0.0
0.0
0.0
0.0
0.0
0.0
0.0
0.0
0.0
0.0
0.0
0.0
0.0
0.0
0.0
0.0
0.0
0.0
0.0
0.0
0.0
0.0
0.0
0.0
0.0
0.0
0.0
0.0
0.0
0.0
0.0
0.0
0.0
0.0
0.0
0.0
0.0
0.0
0.0
0.0
0.0
0.0
0.0
0.0
0.0
0.0
0.0
0.0
0.0
0.0
0.0
0.0
0.0
0.0
