year,srdef_max
2071.0,-443.26704983625916
2072.0,-466.38574324924394
2073.0,-466.44992738025076
2074.0,-494.0664653543719
2075.0,-507.669988864763
2076.0,-470.57437497954015
2077.0,-477.3153180708965
2078.0,-449.2323941098011
2079.0,-441.3917782721429
2080.0,-482.0204492519217
2081.0,-517.9548027836111
2082.0,-522.768530222312
2083.0,-430.2331501949001
2084.0,-458.00987998584566
2085.0,-452.7863719534037
2086.0,-489.0880834812074
2087.0,-538.1210656089509
2088.0,-545.3792626620141
2089.0,-481.2862489202925
2090.0,-435.5382506374093
2091.0,-433.04865110561485
2092.0,-491.54143964311635
2093.0,-492.61534703024614
2094.0,-534.7855593505601
2095.0,-534.8567663302705
2096.0,-446.52393362699365
2097.0,-466.14967857044724
2098.0,-469.2856267492372
