year,srdef_max_cum
2071.0,-18.473664832219175
2072.0,-21.935394619302574
2073.0,-16.08349639146874
2074.0,-15.166960138195883
2075.0,-16.05176010685145
2076.0,-32.66935918706575
2077.0,-19.36387945989629
2078.0,-17.075830319531672
2079.0,-12.493377401281007
2080.0,-11.148395708021567
2081.0,-20.038559564737263
2082.0,-18.824349225492476
2083.0,-13.546628568740022
2084.0,-20.65260144061051
2085.0,-15.829157444041508
2086.0,-17.206122201005094
2087.0,-29.716100233037412
2088.0,-15.06558117201006
2089.0,-11.839633398943977
2090.0,-15.973068738470054
2091.0,-12.017143178569519
2092.0,-18.312391473156392
2093.0,-25.412486154622144
2094.0,-43.36846787708595
2095.0,-38.711405387536296
2096.0,-14.125415012652013
2097.0,-30.164698386908743
2098.0,-14.775555848978117
2099.0,-12.903172245824878
