year,srdef_max_cum
2071.0,-29.432653618671516
2072.0,-34.301245548747104
2073.0,-21.293168545138155
2074.0,-16.905816333407085
2075.0,-21.318171956977576
2076.0,-45.90644308121919
2077.0,-31.606879060253537
2078.0,-21.065435101346843
2079.0,-8.577110382255626
2080.0,-15.7177906144701
2081.0,-28.489836337698925
2082.0,-25.860150513507634
2083.0,-19.767991823979706
2084.0,-27.39954474801277
2085.0,-21.209791535635553
2086.0,-25.920514805551186
2087.0,-39.03011899773275
2088.0,-18.854073997249102
2089.0,-16.66884146562276
2090.0,-23.75767102173102
2091.0,-11.456735245983378
2092.0,-32.16218469216402
2093.0,-38.44622966940091
2094.0,-59.24031020707344
2095.0,-48.999359873233175
2096.0,-23.47639157796153
2097.0,-40.489119605504804
2098.0,-23.95202840306802
2099.0,-10.649741770806052
