year,srdef_max
1984.0,-8.238367273640378
1985.0,-10.031936386612138
1986.0,-10.47093967045249
1987.0,-17.047178336177932
1988.0,-11.749722057066926
1989.0,-19.373934399521005
1990.0,-23.8775290384247
1991.0,-13.965686809667252
1992.0,-21.584238618732037
1993.0,-8.930397155051928
1994.0,-21.49318135298615
1995.0,-10.152794350693823
1996.0,-12.083389584127485
1997.0,-20.188412774319684
1998.0,-11.086933027507373
1999.0,-21.5881710716748
2000.0,-10.83198622023415
2001.0,-20.815471829709036
2002.0,-9.940062936397334
2003.0,-9.565700162428978
2004.0,-11.477420208126263
2005.0,-15.252647580348269
2006.0,-34.159589351975924
2007.0,-30.586231069467864
2008.0,-28.59875493022266
2009.0,-20.678610776183426
2010.0,-14.14951321528175
2011.0,-14.891434275095039
2012.0,-36.27203779534839
