0.0
0.0
0.0
0.0
0.0
0.0
0.0
0.0
0.0
0.0
0.0
0.0
0.0
0.0
0.0
0.0
0.0
0.0
0.0
0.0
0.0
0.0
0.0
0.0
0.0
0.0
0.0
0.0
0.0
0.0
0.0
0.0
0.0
0.0
0.0
0.0
0.0
0.0
0.0
0.0
0.0
0.0
0.0
0.0
0.0
0.0
0.0
0.0
0.0
0.0
0.0
0.0
0.0
0.0
0.0
0.0
0.0
0.0
0.0
0.0
0.0
0.0
0.0
0.0
0.0
0.0
0.0
0.0
0.0
0.0
0.0
0.0
0.0
0.0
0.0
0.0
0.0
0.0
0.0
0.0
0.0
0.0
0.0
0.0
0.0
0.0
0.0
0.0
0.0
0.0
0.0
0.0
0.0
0.0
0.0
0.0
0.0
0.0
0.0
0.0
0.0
0.0
0.0
0.0
0.0
0.0
0.0
0.0
0.0
0.0
0.0
0.0
0.0
0.0
0.0
0.0
0.0
0.0
0.0
0.0
0.0
0.0
0.0
0.0
0.0
0.0
0.0
0.0
0.0
0.0
0.0
0.0
0.0
0.0
0.0
0.0
0.0
0.0
0.0
0.0
0.0
0.0
0.0
0.0
0.0
0.0
0.0
0.0
0.0
0.0
0.0
0.0
0.0
0.0
0.0
0.0
0.0
0.0
0.0
0.0
0.0
0.0
0.0
0.0
0.0
0.0
0.0
0.0
0.0
0.0
0.0
0.0
0.0
0.0
0.0
0.0
0.0
0.0
0.0
0.0
0.0
0.0
0.0
0.0
0.0
0.0
0.0
0.0
0.0
0.0
0.0
-0.3378210258082446
-1.0267855273445938
-1.5186716076638307
-1.9000397729087914
-2.2106712838599405
-1.7499071120648282
-0.4734399742441646
0.0
0.0
-0.9365660455518405
-2.574186505286989
0.0
-1.4191626501695738
0.0
0.0
0.0
0.0
0.0
-0.9480373570235112
-2.623987428420799
-4.410968706985646
-6.194123414596061
-7.813878581769853
-3.146195539396669
-4.4668701509253115
-5.787544762453954
-7.258876207962755
-8.726085682295762
-10.209436362873891
-9.502764418771548
-10.426405482451715
-2.63382066531185
-2.6010384476611597
0.0
-0.832420548779307
-2.203038468929157
0.0
-0.8101691478874062
-1.254455665683798
0.0
0.0
-0.5350902640133153
-1.9166029843867507
-3.2506154029341916
-2.5954521138562425
0.0
-1.2788923316972922
-2.733374671814275
0.0
0.0
0.0
0.0
0.0
0.0
0.0
0.0
-0.42479901212261784
-1.1721593827999262
-1.7956163002608165
-2.3069645568925217
-2.9513211304208484
-3.8312080991567647
-4.8691509598487075
-6.015241598408661
-3.2975832326802497
-4.117873951598619
-4.339429142644683
-4.985331801655423
-6.174902484789129
-7.315896510851044
-8.504926885766555
-1.1521342893908342
0.0
-0.677811319238087
-1.8512789157614773
-2.918784941159508
-4.069794592573135
-5.239013808784803
-6.237364712205297
-6.699051891491545
-7.640628577587957
-7.542011681882246
-5.0818579482315185
-0.2709611675397836
0.0
0.0
0.0
0.0
0.0
0.0
0.0
0.0
0.0
0.0
-0.005524238474665821
0.0
0.0
0.0
-0.13899464659214475
-0.3737008221596998
0.0
-0.043543907508137
0.0
0.0
-0.01190071302303957
-0.07110802342116274
-0.07110802342116274
0.0
-0.19812277528368222
-0.4146025085885334
-0.5981680094639771
-0.7409781916280747
-0.811280789196129
0.0
0.0
-0.010131983197596992
-0.010131983197596992
0.0
0.0
0.0
0.0
0.0
0.0
0.0
0.0
0.0
0.0
0.0
0.0
0.0
0.0
0.0
0.0
0.0
0.0
0.0
0.0
0.0
0.0
0.0
0.0
0.0
0.0
0.0
0.0
0.0
0.0
0.0
0.0
0.0
0.0
0.0
0.0
0.0
0.0
0.0
0.0
0.0
0.0
0.0
0.0
0.0
0.0
0.0
0.0
0.0
0.0
0.0
0.0
0.0
0.0
0.0
0.0
0.0
0.0
0.0
0.0
0.0
0.0
0.0
0.0
0.0
0.0
0.0
0.0
0.0
0.0
0.0
0.0
0.0
0.0
0.0
0.0
0.0
0.0
0.0
0.0
0.0
0.0
0.0
0.0
0.0
0.0
0.0
0.0
0.0
0.0
0.0
0.0
0.0
0.0
0.0
0.0
0.0
0.0
0.0
0.0
0.0
0.0
0.0
0.0
0.0
0.0
0.0
0.0
0.0
0.0
0.0
0.0
0.0
0.0
0.0
0.0
0.0
0.0
0.0
0.0
0.0
0.0
0.0
0.0
0.0
0.0
0.0
0.0
0.0
0.0
0.0
0.0
0.0
0.0
0.0
0.0
0.0
0.0
0.0
0.0
0.0
0.0
0.0
0.0
0.0
0.0
0.0
0.0
0.0
0.0
0.0
0.0
0.0
0.0
0.0
0.0
0.0
0.0
0.0
0.0
0.0
0.0
0.0
0.0
0.0
0.0
0.0
0.0
0.0
0.0
0.0
0.0
0.0
0.0
0.0
0.0
0.0
0.0
0.0
0.0
0.0
0.0
0.0
0.0
0.0
0.0
0.0
0.0
0.0
0.0
0.0
0.0
0.0
0.0
0.0
0.0
0.0
0.0
0.0
0.0
0.0
0.0
0.0
0.0
0.0
0.0
0.0
0.0
0.0
0.0
0.0
0.0
0.0
0.0
0.0
0.0
0.0
0.0
-0.16348942241426156
0.0
0.0
0.0
0.0
0.0
0.0
0.0
0.0
0.0
0.0
0.0
0.0
0.0
0.0
0.0
0.0
0.0
0.0
0.0
0.0
0.0
0.0
0.0
0.0
0.0
0.0
0.0
0.0
0.0
0.0
0.0
0.0
0.0
0.0
-0.5218446723745884
-0.8423129476470599
-1.5183044612026624
0.0
0.0
0.0
0.0
0.0
-1.0651911441277537
-2.177240622273694
0.0
0.0
-0.2839228842659147
-0.8648872550259048
-1.6576811817597996
-1.685267751851441
0.0
0.0
0.0
-0.8449952498024635
0.0
0.0
0.0
0.0
-0.7399155675393891
0.0
0.0
0.0
0.0
0.0
-0.5288451531678038
-0.5562672231259387
-1.1415828767983687
-1.6233559462018379
-2.513713066014259
-3.555751915397937
0.0
0.0
0.0
-1.3234962471045826
-2.6411102107072733
0.0
0.0
0.0
0.0
0.0
0.0
0.0
0.0
0.0
0.0
-0.008786065074861682
-0.5958487408631401
-1.7665072327042068
-2.9423381985791943
-3.5975149526765637
0.0
0.0
-1.0763847930578279
-2.202916275597503
-3.350477482550123
-4.572430011056392
-5.3962885829234715
-0.0667395996041531
-1.101099622845561
-2.387548124748335
0.0
-0.9762123352604993
-1.1331767793352294
0.0
0.0
-0.6231640778223665
-1.0484316833797598
0.0
0.0
0.0
-0.06629370949210014
-0.24855594419488075
-0.5995108756547216
-1.122255630837912
0.0
0.0
0.0
-0.13213933270933967
0.0
0.0
0.0
0.0
0.0
0.0
0.0
0.0
0.0
0.0
-0.21879237731593798
-0.7545175599480689
0.0
-0.08137783881428323
-0.2906689408646525
0.0
0.0
0.0
0.0
0.0
0.0
0.0
0.0
0.0
0.0
0.0
0.0
0.0
0.0
0.0
0.0
0.0
0.0
0.0
0.0
0.0
0.0
0.0
0.0
0.0
0.0
0.0
0.0
0.0
0.0
0.0
0.0
0.0
0.0
0.0
0.0
0.0
0.0
0.0
0.0
0.0
0.0
0.0
0.0
0.0
0.0
0.0
0.0
0.0
0.0
0.0
0.0
0.0
0.0
0.0
0.0
0.0
0.0
0.0
0.0
0.0
0.0
0.0
0.0
0.0
0.0
0.0
0.0
0.0
0.0
0.0
0.0
0.0
0.0
0.0
0.0
0.0
0.0
0.0
0.0
0.0
0.0
0.0
0.0
0.0
0.0
0.0
0.0
0.0
0.0
0.0
0.0
0.0
0.0
0.0
0.0
0.0
0.0
0.0
0.0
0.0
0.0
0.0
0.0
0.0
0.0
0.0
0.0
0.0
0.0
0.0
0.0
0.0
0.0
0.0
0.0
0.0
0.0
0.0
0.0
0.0
0.0
0.0
0.0
0.0
0.0
0.0
0.0
0.0
0.0
0.0
0.0
0.0
0.0
0.0
0.0
0.0
0.0
0.0
0.0
0.0
0.0
0.0
0.0
0.0
0.0
0.0
0.0
0.0
0.0
0.0
0.0
0.0
0.0
0.0
0.0
0.0
0.0
0.0
0.0
0.0
0.0
0.0
0.0
0.0
0.0
0.0
0.0
0.0
0.0
0.0
0.0
0.0
0.0
0.0
0.0
0.0
0.0
0.0
0.0
0.0
0.0
0.0
0.0
0.0
0.0
0.0
0.0
0.0
0.0
0.0
0.0
0.0
0.0
0.0
0.0
0.0
0.0
0.0
0.0
0.0
0.0
0.0
0.0
0.0
0.0
0.0
0.0
0.0
0.0
0.0
0.0
0.0
0.0
0.0
0.0
0.0
0.0
0.0
0.0
0.0
0.0
0.0
0.0
0.0
0.0
0.0
0.0
0.0
0.0
0.0
0.0
0.0
0.0
0.0
0.0
0.0
0.0
0.0
0.0
0.0
0.0
0.0
0.0
0.0
0.0
0.0
0.0
0.0
0.0
0.0
0.0
0.0
-0.5020202014154316
-1.4107213252991881
-2.2803841200126698
-2.6776118532194237
-2.9184513798831544
-3.646081103572986
-3.9894445329854324
-4.208270633300031
-4.0746669667582704
0.0
0.0
0.0
0.0
0.0
0.0
-0.30362049952883163
0.0
0.0
0.0
0.0
0.0
0.0
-0.5257242140511129
-1.326033337945828
-2.206759511866723
-2.727342421370322
-2.443686924927518
0.0
0.0
0.0
-0.32322123147007686
-1.6714268825007401
-0.36984893064252256
-1.43048796792198
-2.6874363334012186
-1.1475386557340594
-2.491254532001959
-3.89781513153861
-5.473139927756037
-7.064667022991005
-5.301629604876609
-0.6166993886272021
-2.212552696107573
-3.767208808676009
-3.0648011197389557
0.0
0.0
-1.3768628942055101
-2.8455538732723973
-4.402925923727366
-5.965614187655922
-4.814797975230846
0.0
0.0
-0.8668021968596764
-1.5692026813915494
-2.711514379018059
-3.2562348452294105
-3.718490857984917
-4.2065486174892115
-5.602972935001183
-4.413996336246133
0.0
-0.022871232723493562
-0.8153053398283122
0.0
0.0
-0.0945368622059283
-0.6775239101016697
-1.414307040159105
-2.237032548549517
-2.9813020792931284
-3.755128637260083
-4.472947661411311
-4.557429976025427
-3.987807182942812
-3.565284051346885
-3.9502061980164953
-4.470004998979206
-4.75337234232952
-5.32917802046832
-5.881774717249428
-5.148366414129535
-5.157871247503013
-5.157871247503013
-5.221611099540245
-5.612840335539021
-6.432067053480033
-7.253415595125662
-8.008477068875761
-8.841112089658944
-7.052398026198474
-7.194563589377149
-5.8565367666626615
-5.837053624579522
-3.7712200713702893
-3.8378703669365537
-4.518703607411104
-5.20216493282746
-0.5735425213877612
-0.9402092065688088
0.0
-0.5268440776000481
-1.2199051463118673
-1.8644521973168993
-2.3120941538213224
-3.104416846287994
-4.071284920519772
-4.993470960678896
-5.91565700083802
-6.674166078262729
-7.560100404451246
-8.46933293840282
-9.278819718493121
-8.011608915363091
-8.011608915363091
-8.011608915363091
-8.011608915363091
-8.01157512879855
-7.221243056940991
-6.670294670726757
-6.101401947472484
-5.1350482819551235
-5.1350482819551235
-5.1350482819551235
-5.1350482819551235
-5.1350482819551235
-5.018105492773364
-4.657952820464478
-4.657952820464478
-4.602430007239921
-4.602430007239921
-4.602430007239921
-4.602430007239921
-4.602430007239921
-4.602430007239921
-4.574570513941514
-4.574570513941514
-4.574570513941514
-4.574570513941514
-4.574570513941514
-4.557285933515597
-4.557285933515597
-4.557285933515597
-4.557285933515597
-4.546854756509677
-4.546854756509677
-4.546854756509677
-4.546854756509677
-4.546854756509677
-4.546854756509677
-4.546854756509677
-4.546854756509677
-4.546854756509677
-4.546854756509677
-4.546854756509677
-4.546854756509677
-4.546854756509677
-4.546854756509677
-4.546854756509677
-4.546854756509677
-4.546854756509677
-4.468246631157687
-4.468246631157687
-4.468246631157687
-4.468246631157687
-4.468246631157687
-4.468246631157687
-4.449037640274584
-4.449037640274584
-4.449037640274584
-4.449037640274584
-4.449037640274584
-4.449037640274584
-4.449037640274584
-4.449037640274584
-4.449037640274584
-4.449037640274584
-4.449037640274584
-4.449037640274584
-4.449037640274584
-4.449037640274584
-4.449037640274584
-4.449037640274584
-4.449037640274584
-4.449037640274584
-4.449037640274584
-4.449037640274584
-4.449037640274584
-4.449037640274584
-4.449037640274584
-4.449037640274584
-4.449037640274584
-4.449037640274584
-4.449037640274584
-4.449037640274584
-4.449037640274584
-4.449037640274584
-4.449037640274584
-4.449037640274584
-4.449037640274584
-4.449037640274584
-4.449037640274584
-4.449037640274584
-4.449037640274584
-4.449037640274584
-4.449037640274584
-4.449037640274584
-4.449037640274584
-4.449037640274584
-4.449037640274584
-4.449037640274584
-4.449037640274584
-4.449037640274584
-4.449037640274584
-4.449037640274584
-4.449037640274584
-4.449037640274584
-4.449037640274584
-4.449037640274584
-4.449037640274584
-4.449037640274584
-4.449037640274584
-4.449037640274584
-4.449037640274584
-4.449037640274584
-4.449037640274584
-4.449037640274584
-4.435424248375462
-4.435424248375462
-4.435424248375462
-4.435424248375462
-4.435424248375462
-4.435424248375462
-4.435424248375462
-4.435424248375462
-4.435424248375462
-4.435424248375462
-4.435424248375462
-4.435424248375462
-4.435424248375462
-4.435424248375462
-4.421810856476339
-4.421810856476339
-4.421810856476339
-4.421810856476339
-4.322381694087245
-4.322381694087245
-4.322381694087245
-4.301972378702911
-4.285892713865893
-3.8812702067786407
-3.188876704096764
-3.136845338092545
-2.986877257491484
-2.644783217510832
-2.6031175832046753
-2.6031175832046753
-2.6031175832046753
-2.6031175832046753
-2.6031175832046753
-2.6031175832046753
-2.580587006275442
-2.4532725882601762
0.0
0.0
0.0
0.0
0.0
0.0
0.0
0.0
0.0
0.0
0.0
0.0
0.0
0.0
0.0
0.0
0.0
0.0
0.0
0.0
0.0
0.0
0.0
0.0
0.0
0.0
0.0
0.0
0.0
0.0
0.0
0.0
0.0
0.0
0.0
0.0
0.0
0.0
0.0
0.0
0.0
0.0
0.0
0.0
0.0
0.0
0.0
0.0
0.0
0.0
0.0
0.0
0.0
0.0
0.0
0.0
0.0
0.0
0.0
0.0
0.0
0.0
0.0
0.0
0.0
0.0
0.0
0.0
0.0
0.0
0.0
-0.4943828599790556
0.0
0.0
0.0
0.0
0.0
0.0
-0.34865061236996153
0.0
0.0
0.0
0.0
0.0
0.0
-0.5651584992275588
0.0
0.0
0.0
0.0
0.0
-0.22919797398785424
0.0
0.0
0.0
-0.06295251762863763
-0.3852776872949253
-0.7367316852040471
-1.2474643140556847
-1.198632923744221
-1.0745116997505673
-1.340758831266823
0.0
0.0
0.0
-1.0275523939111122
-1.5819394034312932
-2.1752874343223247
-3.4702301992823976
-3.7226294160838505
0.0
0.0
-0.642242264479141
-2.0491691328506256
-1.9793930223229392
-3.0594173355789227
-4.165500936436347
0.0
-0.24045920311997837
-1.2961235000282345
-2.7604274351770384
0.0
0.0
-1.7122810352917783
-3.5232778329077865
-5.22435043417204
-7.068937492412653
-8.857346884057444
-10.663928111382669
-11.918096597751184
-12.673358160747934
-6.3994909730169995
0.0
0.0
0.0
0.0
-0.8330285649473518
-2.4310255796005626
-2.397846275858053
0.0
0.0
0.0
0.0
0.0
0.0
0.0
0.0
-0.23554049502988184
-0.8468437643571689
-1.593492946653781
-1.0252493284247657
-1.8179113084853278
-2.4287325086089186
-3.3911973441828467
-4.123529773328763
-5.024117382239356
-5.651343040010347
-5.635833399413226
-6.839597105531208
-3.808030882764757
-2.055901765614565
-0.6536613802012392
-1.2133718541839897
-2.3552267952832135
-2.564244499249127
-3.76697057744731
-5.020555150886331
-6.30315172213415
-7.487744327522361
-5.796064310608308
-0.1499925137225926
0.0
0.0
0.0
-0.568193085386212
0.0
-1.1073671391080522
0.0
-1.2048642643618923
-2.4548781254663377
-3.5807783250654963
0.0
0.0
0.0
-0.796476310207003
-2.060338184235962
-3.354238902934807
-4.527565923314605
-5.676913263194675
-6.871972008940928
-8.035541672400182
-8.952161057483256
-9.638259264956915
-10.273691003761089
-7.586596499669847
0.0
0.0
0.0
-0.16960053188788798
-0.4864676353038213
-0.48449403904952937
-0.8044292303664755
-0.13676434575023
-0.13676434575023
-0.13676434575023
0.0
0.0
0.0
0.0
-0.2625819283320003
-0.25941632302083106
0.0
0.0
0.0
0.0
0.0
0.0
0.0
0.0
0.0
0.0
-0.2017662804942958
0.0
0.0
0.0
0.0
0.0
0.0
0.0
0.0
0.0
0.0
0.0
0.0
0.0
0.0
0.0
0.0
0.0
0.0
0.0
0.0
0.0
0.0
0.0
0.0
0.0
0.0
0.0
0.0
0.0
0.0
0.0
0.0
0.0
0.0
0.0
0.0
0.0
0.0
0.0
0.0
0.0
0.0
0.0
0.0
0.0
0.0
0.0
0.0
0.0
0.0
0.0
0.0
0.0
0.0
0.0
0.0
0.0
0.0
0.0
0.0
0.0
0.0
0.0
0.0
0.0
0.0
0.0
0.0
0.0
0.0
0.0
0.0
0.0
0.0
0.0
0.0
0.0
0.0
0.0
0.0
0.0
0.0
0.0
0.0
0.0
0.0
0.0
0.0
0.0
0.0
0.0
0.0
0.0
0.0
0.0
0.0
0.0
0.0
0.0
0.0
0.0
0.0
0.0
0.0
0.0
0.0
0.0
0.0
0.0
0.0
0.0
0.0
0.0
0.0
0.0
0.0
0.0
0.0
0.0
0.0
0.0
0.0
0.0
0.0
0.0
0.0
0.0
0.0
0.0
0.0
0.0
0.0
0.0
0.0
0.0
0.0
0.0
0.0
0.0
0.0
0.0
0.0
0.0
0.0
0.0
0.0
0.0
0.0
0.0
0.0
0.0
0.0
0.0
0.0
0.0
0.0
0.0
0.0
0.0
0.0
0.0
0.0
0.0
0.0
0.0
0.0
0.0
0.0
0.0
0.0
0.0
0.0
0.0
0.0
0.0
0.0
0.0
0.0
0.0
0.0
0.0
0.0
0.0
0.0
0.0
0.0
0.0
0.0
0.0
0.0
0.0
0.0
0.0
0.0
0.0
0.0
0.0
0.0
0.0
0.0
0.0
0.0
0.0
0.0
0.0
0.0
0.0
0.0
0.0
0.0
0.0
0.0
0.0
0.0
0.0
0.0
-0.1116441025770486
-0.02904591336610471
-0.15536411093398142
-0.26700821351103
-0.12249764613520453
-0.10339079885835889
0.0
0.0
0.0
0.0
0.0
0.0
0.0
0.0
0.0
0.0
0.0
0.0
0.0
0.0
0.0
0.0
0.0
0.0
0.0
0.0
0.0
0.0
0.0
0.0
0.0
0.0
0.0
0.0
-0.25546606118082016
-0.3151242653417605
0.0
0.0
0.0
-0.22465018397607084
-0.5326982172580923
-0.9739957369106511
-0.703246255449498
0.0
0.0
0.0
0.0
0.0
-0.583152842940577
0.0
-0.2976981197286557
-0.03818615245233081
-0.544491659996901
-0.9409105277638417
-1.3651243448910775
-0.9260048358799953
0.0
0.0
-0.8113640888730778
-1.3979418695111343
-1.6884752717311837
-2.1674154156090037
-3.3121784493013506
-4.795503921968499
-6.2634778784868965
-7.76481444388701
-8.817825841288686
-2.2974665721829215
0.0
0.0
0.0
-1.5181249918131567
0.0
0.0
0.0
0.0
0.0
-1.479568555954189
-1.1545306279560996
0.0
-1.4679739565183973
-2.9437321868536364
-1.265518324875787
-2.756200634874687
-4.224174591393084
-5.650614150784021
-6.656610366684451
-8.027404264705265
-9.452928896732324
-10.839634340538042
-12.097632133086384
-13.393687130336026
-14.647469641603804
-15.903382242029819
0.0
-0.599785522118669
-1.5759164881596077
-2.6437359615121867
-3.7808442805024187
-3.0812566545816678
-4.218768277805956
-4.063166038324425
-1.1085139485097182
-1.7649119474311354
0.0
-0.42911608143703234
0.0
0.0
-0.21028077613858015
0.0
-0.30687929778624956
0.0
0.0
0.0
0.0
-0.6685949715968659
-0.7787493567859629
-0.7787493567859629
-1.816737188299055
-0.17334510538745906
0.0
0.0
0.0
0.0
0.0
0.0
0.0
-0.14296998059426788
-0.14296998059426788
-0.25095430317173306
0.0
0.0
0.0
-0.13093218513598
-0.21818808943465956
0.0
0.0
0.0
0.0
0.0
0.0
0.0
0.0
0.0
0.0
0.0
0.0
0.0
0.0
0.0
0.0
0.0
0.0
0.0
0.0
0.0
0.0
0.0
0.0
0.0
0.0
0.0
0.0
0.0
0.0
0.0
0.0
0.0
0.0
0.0
0.0
0.0
0.0
0.0
0.0
0.0
0.0
0.0
0.0
0.0
0.0
0.0
0.0
0.0
0.0
0.0
0.0
0.0
0.0
0.0
0.0
0.0
0.0
0.0
0.0
0.0
0.0
0.0
0.0
0.0
0.0
0.0
0.0
0.0
0.0
0.0
0.0
0.0
0.0
0.0
0.0
0.0
0.0
0.0
0.0
0.0
0.0
0.0
0.0
0.0
0.0
0.0
0.0
0.0
0.0
0.0
0.0
0.0
0.0
0.0
0.0
0.0
0.0
0.0
0.0
0.0
0.0
0.0
0.0
0.0
0.0
0.0
0.0
0.0
0.0
0.0
0.0
0.0
0.0
0.0
0.0
0.0
0.0
0.0
0.0
0.0
0.0
0.0
0.0
0.0
0.0
0.0
0.0
0.0
0.0
0.0
0.0
0.0
0.0
0.0
0.0
0.0
0.0
0.0
0.0
0.0
0.0
0.0
0.0
0.0
0.0
0.0
0.0
0.0
0.0
0.0
0.0
0.0
0.0
0.0
0.0
0.0
0.0
0.0
0.0
0.0
0.0
0.0
0.0
0.0
0.0
0.0
0.0
0.0
0.0
0.0
0.0
0.0
0.0
0.0
0.0
0.0
0.0
0.0
0.0
0.0
0.0
0.0
0.0
0.0
0.0
0.0
0.0
0.0
0.0
0.0
0.0
0.0
0.0
0.0
0.0
0.0
0.0
0.0
0.0
0.0
0.0
0.0
-0.21049643694957199
0.0
0.0
0.0
0.0
-0.08466197835453548
-0.13454668050259877
-0.4493706301595899
0.0
0.0
0.0
0.0
-0.4320041235975767
-0.5639504194545748
-0.8126557043857521
-0.9581612867615814
-0.31495263908767646
0.0
-0.041667335558082774
-1.5466642395174273
-2.130868448213703
0.0
0.0
-0.22355821675753496
-1.3088587855929792
-2.810213783467189
0.0
0.0
0.0
0.0
0.0
0.0
0.0
0.0
0.0
0.0
0.0
0.0
0.0
0.0
0.0
0.0
0.0
0.0
0.0
0.0
-0.5072753775506702
-0.9767031501239953
-2.0549518317411937
-3.112679995742031
-4.592737177193543
-4.063844436537974
-5.484721533464653
-7.10366624177532
-8.853077681495666
-10.45259809970845
-11.112914413943066
-8.245190327443467
-9.37503280427174
-10.788005467857374
-10.949385269216766
-6.257984047909914
-7.09367055858628
-7.624444129697719
-9.167427834649844
-10.79549838943458
-12.567610352154919
-14.294327500392098
-15.436613966105508
-16.46911481194385
-18.031895067295842
-13.712146937468583
-9.269358598673426
-5.181951962996035
-5.361764466638768
-1.5232891792725032
0.0
-0.7629718104246441
-1.9212399028098164
0.0
-1.325036187253068
-1.855809758364507
0.0
-0.8128225877524978
-2.0399700492373616
-2.914290464632146
-3.1560483264228987
-4.422972203316627
-5.610968495190479
-3.353271455994066
-4.755138031024537
-6.190298097596894
-7.587102452400439
-9.017718367752515
-10.534659571968078
-11.991568161424242
-13.439966520262068
-14.939581329814102
-16.453153999982206
-17.883769915334284
-19.400711119549847
-21.189614110387566
-22.9153098170507
-21.035808733974534
-22.58994572915452
-24.582170560921007
-19.359473730520193
-13.623772561629519
-13.56743738663204
-15.362726618778153
-5.772653421758706
-6.6699546423444325
-8.157709457535292
-8.893479950258646
0.0
0.0
0.0
0.0
-1.2969062644143354
-2.467458156655118
-2.960111997320385
-4.150089736159263
-5.2500090972670925
-6.080266552756806
-6.4292618966540145
-7.223981172948861
-8.309380382005108
-9.580293613889332
-10.636213508903227
-11.894971152512392
-13.302385018150193
-11.714557321347929
-10.213724189691463
-10.818988045156484
-11.633136446446436
-10.689626204260955
-11.652075340126961
-12.66311143042455
-13.909561609691332
-13.048225272279685
-13.165877000981478
-14.242192469296885
-15.583417396948496
-11.77635427614818
-11.215700989815584
-10.577726026036014
-10.310742592196013
-8.935576034745964
-8.852977845535019
-8.67592333568168
-8.520839085358265
-6.62764254590375
-6.662579293769089
-7.10224919393021
-6.329687062211566
-3.757956204018185
-0.6332820138837079
-0.5663733027205695
-0.9147490003935559
-0.9812943767528065
-0.9812943767528065
-0.9812943767528065
-0.9812943767528065
-0.9812943767528065
-0.9812943767528065
-0.9808009776892336
-0.9808009776892336
-0.9808009776892336
-0.9808009776892336
-0.9808009776892336
-0.9808009776892336
-0.9808009776892336
-0.9808009776892336
-0.9808009776892336
-0.9808009776892336
-0.9808009776892336
-0.9808009776892336
-0.9808009776892336
-0.9808009776892336
-0.9808009776892336
-0.9808009776892336
-0.9808009776892336
-0.9808009776892336
-0.9808009776892336
-0.9808009776892336
-0.9808009776892336
-0.9808009776892336
-0.9808009776892336
-0.9808009776892336
-0.9808009776892336
-0.9808009776892336
-0.9735990306818458
-0.9418346935229545
-0.8501819893978144
-0.8501819893978144
-0.8501819893978144
-0.8501819893978144
-0.8501819893978144
-0.8501819893978144
-0.8501819893978144
-0.8501819893978144
-0.8501819893978144
-0.8501819893978144
-0.8501819893978144
-0.8501819893978144
-0.8501819893978144
-0.8501819893978144
-0.8501819893978144
-0.8501819893978144
-0.8501819893978144
-0.8501819893978144
-0.8501819893978144
-0.8501819893978144
-0.8501819893978144
-0.8501819893978144
-0.8501819893978144
-0.8501819893978144
-0.8501819893978144
-0.8501819893978144
-0.7956980000271243
-0.7956980000271243
-0.7956980000271243
-0.7956980000271243
-0.7956980000271243
-0.7956980000271243
-0.7956980000271243
-0.7250268146887325
-0.7250268146887325
-0.7250268146887325
-0.7250268146887325
-0.7250268146887325
-0.7250268146887325
-0.7250268146887325
-0.7250268146887325
-0.7250268146887325
-0.7250268146887325
-0.7250268146887325
-0.7250268146887325
-0.7250268146887325
-0.7250268146887325
-0.7250268146887325
-0.7250268146887325
-0.7250268146887325
-0.7250268146887325
-0.7250268146887325
-0.7250268146887325
-0.7250268146887325
-0.7250268146887325
-0.7250268146887325
0.0
0.0
0.0
0.0
0.0
0.0
0.0
0.0
0.0
0.0
0.0
0.0
0.0
0.0
0.0
0.0
0.0
0.0
0.0
0.0
0.0
0.0
0.0
0.0
0.0
0.0
0.0
0.0
0.0
0.0
0.0
0.0
0.0
0.0
0.0
0.0
0.0
0.0
0.0
0.0
0.0
0.0
0.0
0.0
0.0
0.0
0.0
0.0
0.0
0.0
0.0
0.0
0.0
0.0
0.0
0.0
0.0
0.0
0.0
0.0
0.0
0.0
0.0
0.0
0.0
0.0
0.0
0.0
0.0
0.0
0.0
0.0
0.0
0.0
0.0
0.0
0.0
0.0
0.0
0.0
0.0
0.0
0.0
0.0
0.0
0.0
0.0
0.0
0.0
0.0
0.0
0.0
0.0
0.0
0.0
0.0
0.0
0.0
0.0
0.0
0.0
0.0
0.0
0.0
0.0
0.0
0.0
0.0
0.0
0.0
0.0
0.0
0.0
0.0
0.0
0.0
0.0
0.0
0.0
0.0
0.0
0.0
0.0
0.0
0.0
0.0
0.0
0.0
0.0
0.0
0.0
0.0
0.0
0.0
0.0
0.0
0.0
0.0
0.0
0.0
0.0
0.0
0.0
-0.16278833465293335
-0.2912680670613747
0.0
0.0
0.0
0.0
0.0
0.0
-0.1980750803840965
-0.3926680994490399
0.0
0.0
0.0
0.0
0.0
0.0
0.0
0.0
-0.06946554327479082
0.0
0.0
0.0
0.0
0.0
-0.7366960985583229
-0.4012512724875861
-1.1733987056693416
-1.8980995415950068
-2.181810364078612
-3.0145677677759917
-4.473297438876152
0.0
0.0
-0.539552047567536
0.0
-0.10109031525477663
0.0
-0.8079791138174244
-2.3847730614128704
-3.936397081230412
-4.8212262062536375
-5.198800085836961
-5.999458884305776
-6.196417528850586
-8.026129073060101
-10.174237908233279
-12.31098301565951
-5.00177172625241
-3.341485075286214
-0.706673641739588
-0.8328046175330928
0.0
-0.6076947328245527
-2.005823639200671
0.0
-1.53796140383606
-3.593886888613862
-2.759864480783452
-2.9339809375483554
0.0
-0.8210034796471355
-0.8590629684779654
-2.6189270758493066
-4.345533951904015
-6.548821828110896
-8.40577336199861
-9.2621116488773
-11.262996452599882
-7.881571835278782
-9.902386990081155
-5.8697888228399275
-4.812195188489849
-6.303145142515447
-7.014459984026217
-5.224540366038099
0.0
0.0
0.0
-1.6003328609763718
0.0
0.0
-1.6586153039994591
-2.572384173594049
-4.321214812527555
-6.255537637175793
-8.097449422036348
-10.120471407635376
-11.973394116070013
-13.793180202643986
-15.60182529799569
-17.484838437031748
-18.39952297612376
-19.659206093585002
-20.821926088800257
-21.71464915670588
-22.840454893414744
-23.79451056203923
-24.86486313822054
-25.886012883492448
-27.213377017749938
-28.678700324546003
-30.123457785423426
-31.32357251391526
-32.31463507695083
-31.649610709775896
-32.96134589165073
-13.091552539151635
0.0
-0.49269696724658685
0.0
0.0
-1.1266491047248497
0.0
0.0
-0.45859229682832653
-0.3337346268453482
0.0
0.0
-0.011550338354545242
-0.20460439669931155
-0.11963657549277334
0.0
-0.26775182804555103
0.0
-0.423872921446099
-1.0585114804647493
-1.3552304295761397
-2.2451246874544486
-2.4132271006361217
-2.4132271006361217
-2.4132271006361217
-2.4132271006361217
-2.5929180939732253
-2.4601682088767136
-2.977711709489708
-3.660326520528877
-3.745065173103672
-3.7450220595501515
-3.7450220595501515
-3.7450220595501515
-3.7450220595501515
-3.7450220595501515
-3.7450220595501515
-3.7450220595501515
-3.7450220595501515
-3.7450220595501515
-3.7450220595501515
-3.7450220595501515
-3.7450220595501515
-3.7450220595501515
-3.7450220595501515
-3.7279259215385205
-3.7279259215385205
-3.548613643714787
-3.548613643714787
-2.628676455903825
-1.1617870010495028
0.0
0.0
0.0
0.0
0.0
0.0
0.0
0.0
0.0
0.0
0.0
0.0
0.0
0.0
0.0
0.0
0.0
0.0
0.0
0.0
0.0
0.0
0.0
0.0
0.0
0.0
0.0
0.0
0.0
0.0
0.0
0.0
0.0
0.0
0.0
0.0
0.0
0.0
0.0
0.0
0.0
0.0
0.0
0.0
0.0
0.0
0.0
0.0
0.0
0.0
0.0
0.0
0.0
0.0
0.0
0.0
0.0
0.0
0.0
0.0
0.0
0.0
0.0
0.0
0.0
0.0
0.0
0.0
0.0
0.0
0.0
0.0
0.0
0.0
0.0
0.0
0.0
0.0
0.0
0.0
0.0
0.0
0.0
0.0
0.0
0.0
0.0
0.0
0.0
0.0
0.0
0.0
0.0
0.0
0.0
0.0
0.0
0.0
0.0
0.0
0.0
0.0
0.0
0.0
0.0
0.0
0.0
0.0
0.0
0.0
0.0
0.0
0.0
0.0
0.0
0.0
0.0
0.0
0.0
0.0
0.0
0.0
0.0
0.0
0.0
0.0
0.0
0.0
0.0
0.0
0.0
0.0
0.0
0.0
0.0
0.0
0.0
0.0
0.0
0.0
0.0
0.0
0.0
0.0
0.0
0.0
0.0
0.0
0.0
0.0
0.0
0.0
0.0
0.0
0.0
0.0
0.0
0.0
0.0
0.0
0.0
0.0
0.0
0.0
0.0
0.0
0.0
0.0
0.0
0.0
0.0
0.0
0.0
0.0
0.0
0.0
0.0
0.0
0.0
0.0
0.0
0.0
0.0
0.0
0.0
0.0
0.0
0.0
0.0
0.0
0.0
0.0
0.0
0.0
0.0
0.0
0.0
0.0
0.0
0.0
0.0
0.0
0.0
0.0
0.0
0.0
0.0
0.0
0.0
0.0
0.0
0.0
0.0
0.0
0.0
0.0
0.0
0.0
0.0
0.0
0.0
0.0
0.0
0.0
0.0
0.0
0.0
0.0
0.0
0.0
0.0
0.0
0.0
0.0
0.0
0.0
0.0
0.0
0.0
0.0
0.0
-0.05877250999206196
-0.29661715999973226
0.0
0.0
0.0
0.0
0.0
0.0
0.0
0.0
0.0
0.0
-0.22428526070069932
0.0
-0.3283410964274087
-1.03313547591401
0.0
-0.6814006746808121
0.0
-0.9370934415750015
-1.9947054095618575
-2.9108172763448827
-3.6405862441276535
-4.1763576781367515
-5.536673209712878
-7.13062031812021
-8.496784382200227
-9.824220734338985
-10.995345229220794
-12.366665062521305
-13.872025098355156
-14.828407532714497
-9.799968109041686
-11.316084794883572
-9.122184526737446
0.0
0.0
-1.3053210218170868
0.0
-1.0817872180687844
-1.0742093609093786
0.0
-1.5053600358338501
-2.954007217225115
-4.455679561769625
-5.971796247611511
-7.556842122176101
-9.072958808017987
-10.679341723647273
-12.296393266317036
-6.6728224084431655
-7.775880847203744
-8.842124919064048
-10.21268840721956
-11.735671355507867
-13.2318170258597
-14.686754787266565
-16.165671452557532
-17.60230446921899
-19.162781274534307
-20.79180460061555
-20.13883530147338
-19.02100848805752
-14.685342764632535
-6.405727116774237
-6.727101391478712
-3.8556748681300688
-4.563673560460318
-5.168308276004979
-6.14388093294118
-7.458895746917353
-9.144808535956676
-10.79882620982023
-12.244983748952183
-13.798009199090203
-12.06441649768303
-12.246646004791266
-12.246646004791266
-12.246646004791266
-12.246646004791266
-12.876581611641136
-13.5170637846959
-14.560231946451983
-15.683117367674688
-16.891578410537765
-18.043434672995037
-19.029539150952264
-19.921013781311
-17.530226065444307
-5.662466628972165
-5.5386109822377865
-5.664812442864828
-5.89514783915846
-5.536313598432381
-4.396421715355735
-1.8540893772302312
-1.8794925049707332
-1.2490345683313504
0.0
-0.03286393164091328
-0.3822596938296114
-1.044408819081365
0.0
-0.31126278179969014
-0.8755058147441238
-1.4182316404922362
-1.7320542624086834
-2.3307305669488643
-2.9638737897168657
-3.5860689667153
-4.322695463610005
-4.419728537838872
-4.925673641275437
-5.320603894500348
-3.010933279740542
-3.0055749225318924
-3.0055749225318924
-2.981727921847844
-2.981727921847844
-2.981727921847844
-2.937164767267039
-2.1524816102646254
-2.1524816102646254
-2.1524816102646254
-2.1524816102646254
-2.1524816102646254
-2.1524816102646254
-2.1524816102646254
-2.1524816102646254
-2.1524816102646254
-2.052392962512444
-1.0081116217856096
0.0
-0.21026887967724328
-0.21026887967724328
-0.21026887967724328
-0.21026887967724328
-0.15877840814082295
0.0
0.0
0.0
0.0
0.0
0.0
0.0
0.0
0.0
0.0
0.0
0.0
0.0
0.0
0.0
0.0
0.0
0.0
0.0
0.0
0.0
0.0
0.0
0.0
0.0
0.0
0.0
0.0
0.0
0.0
0.0
0.0
0.0
0.0
0.0
0.0
0.0
0.0
0.0
0.0
0.0
0.0
0.0
0.0
0.0
0.0
0.0
0.0
0.0
0.0
0.0
0.0
0.0
0.0
0.0
0.0
0.0
0.0
0.0
0.0
0.0
0.0
0.0
0.0
0.0
0.0
0.0
0.0
0.0
0.0
0.0
0.0
0.0
0.0
0.0
0.0
0.0
0.0
0.0
0.0
0.0
0.0
0.0
0.0
0.0
0.0
0.0
0.0
0.0
0.0
0.0
0.0
0.0
0.0
0.0
0.0
0.0
0.0
0.0
0.0
0.0
0.0
0.0
0.0
0.0
0.0
0.0
0.0
0.0
0.0
0.0
0.0
0.0
0.0
0.0
0.0
0.0
0.0
0.0
0.0
0.0
0.0
0.0
0.0
0.0
0.0
0.0
0.0
0.0
0.0
0.0
0.0
0.0
0.0
0.0
0.0
0.0
0.0
0.0
0.0
0.0
0.0
0.0
0.0
0.0
0.0
0.0
0.0
0.0
0.0
0.0
0.0
0.0
0.0
0.0
0.0
0.0
0.0
0.0
0.0
0.0
0.0
0.0
0.0
0.0
0.0
0.0
0.0
0.0
0.0
0.0
0.0
0.0
0.0
0.0
0.0
0.0
0.0
0.0
0.0
0.0
0.0
0.0
0.0
0.0
0.0
0.0
0.0
0.0
0.0
0.0
0.0
0.0
0.0
0.0
0.0
0.0
0.0
0.0
0.0
0.0
0.0
0.0
0.0
0.0
0.0
0.0
0.0
0.0
0.0
0.0
-0.6510137703345221
-0.5355750363184495
-0.25131031169524887
-0.34745915309355957
0.0
0.0
0.0
0.0
0.0
0.0
0.0
0.0
-0.836397878585005
0.0
-0.29452317841109243
-0.890510796543563
-0.9460231277647995
-2.080620382387096
0.0
0.0
0.0
-1.0677388620636452
-2.199465198197229
-3.3581180316026695
-2.2763753889758607
0.0
-0.9383694419663738
0.0
0.0
0.0
0.0
-0.5714335357783332
-0.11750051602101785
0.0
0.0
-0.17717833842741498
-1.1836142698754037
-2.1757988351516264
-3.310396089773923
-2.9739353111910845
0.0
-0.8931241555735603
0.0
0.0
0.0
0.0
-1.4220874862730524
0.0
0.0
0.0
0.0
0.0
0.0
-1.471557765981933
-2.98107936038435
-4.38330786526836
-2.6162993150150085
-3.715512301319502
-0.3275351503533859
-1.847164411875201
-2.616708810983237
-4.150909403645432
-0.49636165831885304
0.0
0.0
-1.3118052803174514
-2.6670373824657583
-3.6584894546915536
-4.649941526917349
-5.986141170897345
-7.440328753251869
-8.964871673114487
-10.43642943909642
-11.95104271450286
-13.254050642510883
-14.55382087122341
-15.808986611765059
-17.118325705092854
-18.47460327029925
-19.84492134440426
-21.203335793189776
-22.518760216231946
-23.941472904138276
-24.87270937915749
-25.88536437799474
-26.96356938312781
-26.542816729946292
-27.83644577344569
-29.332972159203365
-30.863505682579174
-32.26566568918304
-33.6177907831984
-31.38319234570443
-29.163871763401207
-29.542964240659874
-30.241012650168457
-30.97966429269143
-32.12065641947941
-33.73507568340811
-35.276795862599684
-30.69330296911698
-31.88864458369892
-29.655435671758074
-22.06595332883168
-22.06595332883168
-22.06595332883168
-22.61097991364914
-23.698871390514327
-24.38565200329026
-25.302248431184854
-25.676576545092157
-25.90684938779682
-25.693572771337113
-21.75260506713061
-20.980683951182264
-18.575864202353028
-17.308312992466405
-17.09969658255268
-17.017098393341737
-16.904260405183237
-16.904260405183237
-16.904260405183237
-16.904260405183237
-16.904260405183237
-16.36990974420321
-14.85172715150822
-14.835205550114884
-14.835205550114884
-14.835205550114884
-14.745393007429083
-14.71437779756124
-14.71437779756124
-14.71437779756124
-14.71437779756124
-14.71437779756124
-14.71437779756124
-14.71437779756124
-14.71437779756124
-14.71437779756124
-14.71437779756124
-14.072410273049316
-12.329209011910903
-12.329209011910903
-12.329209011910903
-12.329209011910903
-11.81319382651136
-11.81319382651136
-11.81319382651136
-11.81319382651136
-11.726189596289748
-11.67245290213474
-11.67245290213474
-11.67245290213474
-11.67245290213474
-11.67245290213474
-11.67245290213474
-11.647327805285109
-11.647327805285109
-9.99210242657365
-8.906933056376491
0.0
0.0
0.0
0.0
0.0
0.0
0.0
0.0
0.0
0.0
0.0
0.0
0.0
0.0
0.0
0.0
0.0
0.0
0.0
0.0
0.0
0.0
0.0
0.0
0.0
0.0
0.0
0.0
0.0
0.0
0.0
0.0
0.0
0.0
0.0
0.0
0.0
0.0
0.0
0.0
0.0
0.0
0.0
0.0
0.0
0.0
0.0
0.0
0.0
0.0
0.0
0.0
0.0
0.0
0.0
0.0
0.0
0.0
0.0
0.0
0.0
0.0
0.0
0.0
0.0
0.0
0.0
0.0
0.0
0.0
0.0
0.0
0.0
0.0
0.0
0.0
0.0
0.0
0.0
0.0
0.0
0.0
0.0
0.0
0.0
0.0
0.0
0.0
0.0
0.0
0.0
0.0
0.0
0.0
0.0
0.0
0.0
0.0
0.0
0.0
0.0
0.0
0.0
0.0
0.0
0.0
0.0
0.0
0.0
0.0
0.0
0.0
0.0
0.0
0.0
0.0
0.0
0.0
0.0
0.0
0.0
0.0
0.0
0.0
0.0
0.0
0.0
0.0
0.0
0.0
0.0
0.0
0.0
0.0
0.0
0.0
0.0
0.0
0.0
0.0
0.0
0.0
0.0
0.0
0.0
0.0
0.0
0.0
0.0
0.0
0.0
0.0
0.0
0.0
0.0
0.0
0.0
0.0
0.0
0.0
0.0
0.0
0.0
0.0
0.0
0.0
0.0
0.0
0.0
0.0
0.0
0.0
0.0
0.0
0.0
0.0
0.0
0.0
0.0
0.0
0.0
0.0
0.0
0.0
0.0
0.0
0.0
0.0
0.0
0.0
0.0
0.0
0.0
-0.03323189292288864
-0.1538740649626381
-0.06326294910572658
-0.0957314741882195
0.0
0.0
0.0
0.0
0.0
0.0
0.0
0.0
0.0
0.0
0.0
0.0
0.0
0.0
0.0
0.0
0.0
0.0
0.0
0.0
0.0
0.0
-0.3867832853052301
-0.08036803305816853
-0.3580058452088639
0.0
0.0
0.0
0.0
0.0
-0.3604556207646601
-0.8556507785206293
-0.677884573257387
-0.3378925228447991
-0.45287099843461887
-0.9610788539198962
-2.525728277708722
-4.094697204732773
-4.737548461197279
-3.4768412773576833
0.0
0.0
0.0
-0.28526015901042723
0.0
0.0
-0.2650248483286771
-1.296019294646888
-2.110760787230826
-3.093120929972225
-3.615132927685127
-3.648236272192868
-3.651420368368526
-5.023083561260771
-4.893502833884558
-4.487371463673363
-5.9358792638413735
-7.4138759566863826
-8.759085995867903
-10.447805041673345
-9.84139450769473
-10.8915191475085
-6.572590199784139
-5.949341471889105
0.0
0.0
0.0
-1.7161388030560303
0.0
0.0
0.0
0.0
0.0
0.0
0.0
-0.4459659773547132
-0.9272546963448003
0.0
-1.286574701166707
-3.261783109073182
-3.7831329788250176
-3.8090895997483525
-5.343040406037295
0.0
0.0
-0.27707495973078433
-0.9671369899020809
-0.998751020376829
0.0
-1.2866761611011062
-2.052963755968119
-2.96113859745099
-3.5334370338718593
0.0
0.0
-1.3141823669836492
-2.2257414157548845
0.0
-0.8072877193563971
-1.9758851943273958
-3.3493739060878305
-4.432664431346718
-5.47141623677165
-6.480333575423718
-7.831224746783306
-7.81986435627639
-8.397011935189111
-9.262690979046004
-10.362606292916178
-11.545049531169335
-12.825958191492155
-9.503504411766258
-8.788269712122375
-8.788269712122375
-8.420598938136727
-8.503944661108637
-8.724508779844086
-8.151378569475158
-8.151378569475158
-7.397011528134828
-6.695336417957337
-6.733215326507394
-5.3756595806761105
-0.6403258944580505
-0.749704473430238
-0.9730467577824374
-1.195495015053314
-1.443028574532179
0.0
0.0
0.0
0.0
0.0
0.0
0.0
0.0
0.0
0.0
0.0
0.0
0.0
0.0
0.0
0.0
0.0
0.0
0.0
0.0
0.0
0.0
0.0
0.0
0.0
0.0
0.0
0.0
0.0
0.0
0.0
0.0
0.0
0.0
0.0
0.0
0.0
0.0
0.0
0.0
0.0
0.0
0.0
0.0
0.0
0.0
0.0
0.0
0.0
0.0
0.0
0.0
0.0
0.0
0.0
0.0
0.0
0.0
0.0
0.0
0.0
0.0
0.0
0.0
0.0
0.0
0.0
0.0
0.0
0.0
0.0
0.0
0.0
0.0
0.0
0.0
0.0
0.0
0.0
0.0
0.0
0.0
0.0
0.0
0.0
0.0
0.0
0.0
0.0
0.0
0.0
0.0
0.0
0.0
0.0
0.0
0.0
0.0
0.0
0.0
0.0
0.0
0.0
0.0
0.0
0.0
0.0
0.0
0.0
0.0
0.0
0.0
0.0
0.0
0.0
0.0
0.0
0.0
0.0
0.0
0.0
0.0
0.0
0.0
0.0
0.0
0.0
0.0
0.0
0.0
0.0
0.0
0.0
0.0
0.0
0.0
0.0
0.0
0.0
0.0
0.0
0.0
0.0
0.0
0.0
0.0
0.0
0.0
0.0
0.0
0.0
0.0
0.0
0.0
0.0
0.0
0.0
0.0
0.0
0.0
0.0
0.0
0.0
0.0
0.0
0.0
0.0
0.0
0.0
0.0
0.0
0.0
0.0
0.0
0.0
0.0
0.0
0.0
0.0
0.0
0.0
0.0
0.0
0.0
0.0
0.0
0.0
0.0
0.0
0.0
0.0
0.0
0.0
0.0
0.0
0.0
0.0
0.0
0.0
0.0
0.0
0.0
0.0
0.0
0.0
0.0
0.0
0.0
0.0
0.0
0.0
0.0
0.0
0.0
0.0
0.0
0.0
0.0
0.0
0.0
0.0
0.0
0.0
0.0
0.0
0.0
0.0
0.0
0.0
0.0
0.0
0.0
0.0
0.0
0.0
0.0
0.0
-0.019852852886363792
0.0
0.0
0.0
0.0
-0.2352004310033049
0.0
0.0
0.0
0.0
-0.11484423153896461
-0.6787477730762759
-0.7857643914309667
-0.09475062433704196
0.0
0.0
0.0
0.0
0.0
0.0
0.0
-0.6425951837956974
0.0
0.0
0.0
0.0
-0.3893690957067979
-1.038904577137879
-1.4664094765522175
0.0
0.0
0.0
-0.9603840736094653
0.0
-0.565158862274892
-1.3257268420244464
-2.253712947860236
-2.146554307993962
0.0
-0.6243674003971514
0.0
-1.1093670598439835
-0.8687592351773187
-1.0549807365010384
0.0
-1.0803076776853162
0.0
-1.526032316857668
-3.1608776048624163
-5.028984467087497
-6.936918284992628
-8.542631636271953
-10.223630134977487
-11.524096470228987
-12.966617761195897
-14.45940819521021
-16.092703579428754
-16.198598698881078
-17.82811689822533
-18.869336767048907
-12.295948392187725
-11.420330783047064
-8.383452031318388
0.0
-0.5334181120542881
-0.9608336611462972
-2.2653523512400753
-2.511358866653955
-3.253002478569338
-4.728133957024365
-5.052458142007316
-5.342926781041172
-6.206690316867778
-5.89041942063062
-7.24054026331946
-2.2618393535231913
0.0
0.0
0.0
-0.8258216446591464
0.0
-1.4493040189391584
-1.5280578371579083
-0.4810568348101447
0.0
-0.1675627980086482
-0.9127788563719617
-1.81987703115193
-2.9961717787595425
0.0
-1.1162327836718533
-2.193799997273424
-2.1328979191556448
-3.316197884893975
-4.393765098495546
-5.3523180745635415
-6.470632731922025
-7.531763213311596
-5.659326751937808
-4.80104375600958
-2.2657144751895
-1.7615715488880337
-2.1161364789049752
-0.683696751916314
0.0
0.0
0.0
-0.37747256286078473
0.0
-0.40595025360017023
-0.9247754495076874
-1.4854058221789785
-1.8514452246801385
-0.42098370244292904
-0.809548156800823
-1.5654946805567709
-1.5249369242735118
-0.9667511516086867
-1.609333590857113
-2.2178539024427257
-2.2837237230218728
-2.6470070731149047
-3.3036750018295553
-3.9480056620790043
-4.450126642116049
-4.304812149329573
0.0
0.0
0.0
0.0
0.0
0.0
0.0
0.0
0.0
0.0
0.0
0.0
0.0
0.0
0.0
0.0
0.0
0.0
0.0
0.0
0.0
0.0
0.0
0.0
0.0
0.0
0.0
0.0
0.0
0.0
0.0
0.0
0.0
0.0
0.0
0.0
0.0
0.0
0.0
0.0
0.0
0.0
0.0
0.0
0.0
0.0
0.0
0.0
0.0
0.0
0.0
0.0
0.0
0.0
0.0
0.0
0.0
0.0
0.0
0.0
0.0
0.0
0.0
0.0
0.0
0.0
0.0
0.0
0.0
0.0
0.0
0.0
0.0
0.0
0.0
0.0
0.0
0.0
0.0
0.0
0.0
0.0
0.0
0.0
0.0
0.0
0.0
0.0
0.0
0.0
0.0
0.0
0.0
0.0
0.0
0.0
0.0
0.0
0.0
0.0
0.0
0.0
0.0
0.0
0.0
0.0
0.0
0.0
0.0
0.0
0.0
0.0
0.0
0.0
0.0
0.0
0.0
0.0
0.0
0.0
0.0
0.0
0.0
0.0
0.0
0.0
0.0
0.0
0.0
0.0
0.0
0.0
0.0
0.0
0.0
0.0
0.0
0.0
0.0
0.0
0.0
0.0
0.0
0.0
0.0
0.0
0.0
0.0
0.0
0.0
0.0
0.0
0.0
0.0
0.0
0.0
0.0
0.0
0.0
0.0
0.0
0.0
0.0
0.0
0.0
0.0
0.0
0.0
0.0
0.0
0.0
0.0
0.0
0.0
0.0
0.0
0.0
0.0
0.0
0.0
0.0
0.0
0.0
0.0
0.0
0.0
0.0
0.0
0.0
0.0
0.0
0.0
0.0
0.0
0.0
0.0
0.0
0.0
0.0
0.0
0.0
0.0
0.0
0.0
0.0
0.0
0.0
0.0
0.0
0.0
0.0
0.0
0.0
0.0
0.0
0.0
0.0
0.0
0.0
-0.00926511487618098
0.0
0.0
0.0
0.0
0.0
0.0
0.0
0.0
0.0
0.0
0.0
-0.6137564026846998
-0.6029986017945594
-0.19507064268805752
-0.48786826375688475
0.0
0.0
0.0
0.0
0.0
0.0
0.0
0.0
0.0
-0.2842447212996051
0.0
0.0
0.0
-0.49298138308994743
-1.1296797101005924
0.0
-0.9023366558344411
0.0
-0.31790453848962885
-1.1309168735201696
-1.8727635831225393
-2.4791340054983735
-3.146885131856437
-3.645818240293205
-0.7684236588060296
-1.1640388641232464
-2.705224319599723
-4.2584468152514425
-5.924035919401004
-6.299778183273135
-6.768473065408691
-7.156915198384813
-8.865606663761504
-10.605916705514904
-7.161501582212857
-6.820256119856789
-8.431036344152467
-6.161708482339339
-1.3820249613324052
-1.7702365907158475
-3.3703888210363377
-5.257006632672003
-4.69737381477317
-6.5873822734180925
-8.757336179344174
-11.105881525032443
-13.307361547655137
-10.09957046135209
-6.549731121240617
-8.260806404879117
-10.450436438581196
-11.121528544398412
-9.780081905533098
-9.541340695152602
-11.470135819454773
-4.558635152910113
0.0
-1.2362841370184867
-3.072300591343339
-5.008633774336473
-7.1040706598638454
0.0
-1.76681103015722
-2.4509818450041205
-2.513904793723884
-3.80142461692445
-5.4481442223135765
-1.2940536099494482
-2.3226325206579435
-3.137092874883815
-3.3679988515044235
-2.686093599334466
-4.028817743754525
-2.090971024337959
-3.846050974315479
0.0
0.0
0.0
-1.6467196053891264
-3.3900095813922206
-3.70485008527863
0.0
-0.689173385097225
-1.7965198272732434
0.0
0.0
0.0
0.0
-0.5500311313813432
-1.2458033227959295
0.0
0.0
-0.6051994611985084
-0.9014967487466687
0.0
0.0
0.0
-0.9490769310353652
-1.5642156200711084
-2.2476477448491066
-0.08933605586939386
0.0
-0.04056249380404822
0.0
-0.0849378325516476
-0.32885802069818576
-0.4957056738243141
-0.8963498479396956
-1.0741927059813403
-1.0741352212433128
-1.4793572710169902
-1.4749683424242894
-0.8521369704746863
-0.4317732730568802
-0.26906628141824807
0.0
0.0
0.0
-0.09846564234348587
0.0
0.0
0.0
0.0
0.0
0.0
0.0
0.0
0.0
0.0
0.0
0.0
0.0
0.0
0.0
0.0
0.0
0.0
0.0
0.0
0.0
0.0
0.0
0.0
0.0
0.0
0.0
0.0
0.0
0.0
0.0
0.0
0.0
0.0
0.0
0.0
0.0
0.0
0.0
0.0
0.0
0.0
0.0
0.0
0.0
0.0
0.0
0.0
0.0
0.0
0.0
0.0
0.0
0.0
0.0
0.0
0.0
0.0
0.0
0.0
0.0
0.0
0.0
0.0
0.0
0.0
0.0
0.0
0.0
0.0
0.0
0.0
0.0
0.0
0.0
0.0
0.0
0.0
0.0
0.0
0.0
0.0
0.0
0.0
0.0
0.0
0.0
0.0
0.0
0.0
0.0
0.0
0.0
0.0
0.0
0.0
0.0
0.0
0.0
0.0
0.0
0.0
0.0
0.0
0.0
0.0
0.0
0.0
0.0
0.0
0.0
0.0
0.0
0.0
0.0
0.0
0.0
0.0
0.0
0.0
0.0
0.0
0.0
0.0
0.0
0.0
0.0
0.0
0.0
0.0
0.0
0.0
0.0
0.0
0.0
0.0
0.0
0.0
0.0
0.0
0.0
0.0
0.0
0.0
0.0
0.0
0.0
0.0
0.0
0.0
0.0
0.0
0.0
0.0
0.0
0.0
0.0
0.0
0.0
0.0
0.0
0.0
0.0
0.0
0.0
0.0
0.0
0.0
0.0
0.0
0.0
0.0
0.0
0.0
0.0
0.0
0.0
0.0
0.0
0.0
0.0
0.0
0.0
0.0
0.0
0.0
0.0
0.0
0.0
0.0
0.0
0.0
0.0
0.0
0.0
0.0
0.0
0.0
0.0
0.0
0.0
0.0
0.0
0.0
0.0
0.0
0.0
0.0
0.0
0.0
0.0
0.0
0.0
0.0
0.0
0.0
0.0
0.0
0.0
0.0
0.0
0.0
0.0
0.0
0.0
0.0
0.0
0.0
0.0
0.0
0.0
0.0
0.0
0.0
0.0
0.0
0.0
0.0
-0.016912483480401863
0.0
0.0
0.0
0.0
0.0
-0.08424527003991994
0.0
0.0
0.0
0.0
0.0
0.0
0.0
0.0
-0.15086608054338535
0.0
-0.1560482791288349
0.0
0.0
-0.41156578315578585
0.0
-0.4138178813410621
-0.5561797185337286
-0.006188717248291398
0.0
0.0
0.0
0.0
0.0
0.0
0.0
0.0
0.0
0.0
0.0
0.0
0.0
0.0
0.0
0.0
0.0
0.0
0.0
0.0
0.0
-0.2480283510717598
0.0
0.0
-0.006668908757718528
-0.43005036093628934
-0.717055069135879
-1.1179319255624214
-1.4906293791613265
-1.6852274502310318
-2.4566280045872597
-3.3804108959971138
-3.891941214517701
-4.883974051849252
-4.759059176176001
0.0
-1.6817216032518236
-3.3112461917988822
-5.02116775127918
-6.702448923430102
-8.359717761271618
-7.824147722052217
-7.3927711889654715
-6.830979063511538
-8.300344049590775
-4.912174541437043
-1.8165240898953172
0.0
-0.9904794361810384
-2.4051502125411157
-3.9056454596757995
-5.851697204772294
-3.627539999972293
0.0
0.0
0.0
-0.9375802066946552
0.0
0.0
0.0
0.0
-1.556586817098035
-3.3415648851000443
-4.674179561062476
-5.889291267546554
-7.323434354145842
-8.967109177917886
-10.373951372731964
-7.278790084123035
-8.699613277341644
-9.501190142029252
-10.690110318363539
-11.77443921964167
-12.904725935310626
-14.448470448498371
-16.10773018639506
-16.643739969153824
0.0
0.0
0.0
0.0
0.0
0.0
0.0
0.0
0.0
0.0
0.0
0.0
0.0
0.0
0.0
0.0
0.0
0.0
0.0
-0.3173830640949701
-0.4866274621436615
-0.9431223297919782
-1.5574117823628713
-1.8647035872698872
-2.2614014206956448
-2.268359290308942
-2.575651095215958
-2.575651095215958
-2.575651095215958
-1.6869826263522918
-1.6838115813882952
-1.6838115813882952
-1.8273333867393167
-2.0678565826940782
-2.5108291700047203
-2.4943745152858687
-2.7766912956665966
-2.171731209984051
-1.24947679297136
-0.7615871790588056
0.0
0.0
-0.08404731408849589
-0.08404731408849589
-0.08404731408849589
-0.08404731408849589
-0.354243274218735
0.0
0.0
0.0
0.0
0.0
0.0
0.0
0.0
0.0
0.0
0.0
0.0
0.0
0.0
0.0
0.0
0.0
0.0
0.0
0.0
0.0
0.0
0.0
0.0
0.0
0.0
0.0
0.0
0.0
0.0
0.0
0.0
0.0
0.0
0.0
0.0
0.0
0.0
0.0
0.0
0.0
0.0
0.0
0.0
0.0
0.0
0.0
0.0
0.0
0.0
0.0
0.0
0.0
0.0
0.0
0.0
0.0
0.0
0.0
0.0
0.0
0.0
0.0
0.0
0.0
0.0
0.0
0.0
0.0
0.0
0.0
0.0
0.0
0.0
0.0
0.0
0.0
0.0
0.0
0.0
0.0
0.0
0.0
0.0
0.0
0.0
0.0
0.0
0.0
0.0
0.0
0.0
0.0
0.0
0.0
0.0
0.0
0.0
0.0
0.0
0.0
0.0
0.0
0.0
0.0
0.0
0.0
0.0
0.0
0.0
0.0
0.0
0.0
0.0
0.0
0.0
0.0
0.0
0.0
0.0
0.0
0.0
0.0
0.0
0.0
0.0
0.0
0.0
0.0
0.0
0.0
0.0
0.0
0.0
0.0
0.0
0.0
0.0
0.0
0.0
0.0
0.0
0.0
0.0
0.0
0.0
0.0
0.0
0.0
0.0
0.0
0.0
0.0
0.0
0.0
0.0
0.0
0.0
0.0
0.0
0.0
0.0
0.0
0.0
0.0
0.0
0.0
0.0
0.0
0.0
0.0
0.0
0.0
0.0
0.0
0.0
0.0
0.0
0.0
0.0
0.0
0.0
0.0
0.0
0.0
0.0
0.0
0.0
0.0
0.0
0.0
0.0
0.0
0.0
0.0
0.0
0.0
0.0
0.0
0.0
0.0
0.0
0.0
0.0
0.0
0.0
0.0
0.0
0.0
0.0
0.0
0.0
0.0
0.0
0.0
0.0
0.0
0.0
0.0
0.0
0.0
0.0
0.0
0.0
0.0
0.0
0.0
0.0
0.0
0.0
0.0
0.0
0.0
0.0
0.0
-0.590751311566981
0.0
0.0
-0.5514753782442385
-1.1428502114660182
-1.9650152085235886
-2.534900421181624
0.0
0.0
0.0
-0.3759846474731401
-0.35513025776097124
0.0
0.0
0.0
0.0
-0.05566979192000798
0.0
-0.10144156433293139
-0.6844081523363885
0.0
0.0
-0.843820083952322
0.0
0.0
0.0
-1.0494327802117336
-2.122779255581416
0.0
-0.13126563689306292
-0.6785082298947558
-0.03354802956073688
-0.5673506528538572
0.0
-0.9888627191465577
-1.7423942911641888
0.0
-1.6315269517004423
-3.2841931482600675
-4.963146463760687
-3.1588528294204434
-4.496040281549005
-4.922672072204638
-4.485364525801911
-0.6773495482570535
0.0
-1.500833088739327
0.0
-1.4344461318223944
-2.9588937661587495
-4.483341400495105
-4.367093273186445
-2.565929184752062
-3.954220522624915
-4.95971326186456
-3.087586375459356
-3.6417400883162028
-5.056643428727462
-6.619522798946566
-8.079673217971358
-9.620518800022884
-11.58139359272305
-13.584959884792204
-11.37660404619244
-13.377233420752823
-13.896391046168842
-15.841068175391516
-17.96066912146307
-19.939066619750506
-21.906274376165857
-23.782095565987827
-25.84828727589024
-28.00986287748841
-19.502767508193976
-18.552849777057446
-15.002409374040113
-16.40310917442724
-13.787092421875123
-8.58157896688829
-8.234576717267014
-8.840712927556805
-9.601467934797562
-9.5526388128213
-3.716341248371986
-4.011691206045444
-4.613232258915968
-5.458064792494225
-5.3366365656720935
-3.001799079843496
-3.0003929219624834
-3.5287514571143475
-4.0500277163251654
-4.581291086404229
-5.426123619982486
-6.22533333081968
-6.964304281157124
-7.545043345494156
-2.5195405669002744
-3.6442199466051717
-3.4926218805104368
-0.8594639461644422
0.0
-0.3332135130072274
0.0
0.0
0.0
-0.0901230872023408
0.0
0.0
0.0
-0.5146745511315192
-0.5079492332422479
0.0
-0.487940500100017
0.0
-0.3994355111219409
-1.068127703180389
0.0
0.0
-0.2767670782230072
0.0
0.0
-0.36238147709775353
-0.8444273421528281
0.0
0.0
-0.13214397334165234
-0.8459296879647868
-1.4665477724438694
-2.069931199537
-2.5214611245745955
-2.1941629537170115
0.0
0.0
0.0
0.0
0.0
-0.04746987084948494
-0.04746987084948494
-0.04746987084948494
0.0
0.0
0.0
0.0
0.0
0.0
0.0
-0.1073787622465751
-0.42114719327599065
0.0
0.0
0.0
0.0
0.0
0.0
0.0
0.0
0.0
0.0
0.0
0.0
0.0
0.0
0.0
0.0
0.0
0.0
0.0
0.0
0.0
0.0
0.0
0.0
0.0
0.0
0.0
0.0
0.0
0.0
0.0
0.0
0.0
0.0
0.0
0.0
0.0
0.0
0.0
0.0
0.0
0.0
0.0
0.0
0.0
0.0
0.0
0.0
0.0
0.0
0.0
0.0
0.0
0.0
0.0
0.0
0.0
0.0
0.0
0.0
0.0
0.0
0.0
0.0
0.0
0.0
0.0
0.0
0.0
0.0
0.0
0.0
0.0
0.0
0.0
0.0
0.0
0.0
0.0
0.0
0.0
0.0
0.0
0.0
0.0
0.0
0.0
0.0
0.0
0.0
0.0
0.0
0.0
0.0
0.0
0.0
0.0
0.0
0.0
0.0
0.0
0.0
0.0
0.0
0.0
0.0
0.0
0.0
0.0
0.0
0.0
0.0
0.0
0.0
0.0
0.0
0.0
0.0
0.0
0.0
0.0
0.0
0.0
0.0
0.0
0.0
0.0
0.0
0.0
0.0
0.0
0.0
0.0
0.0
0.0
0.0
0.0
0.0
0.0
0.0
0.0
0.0
0.0
0.0
0.0
0.0
0.0
0.0
0.0
0.0
0.0
0.0
0.0
0.0
0.0
0.0
0.0
0.0
0.0
0.0
0.0
0.0
0.0
0.0
0.0
0.0
0.0
0.0
0.0
0.0
0.0
0.0
0.0
0.0
0.0
-0.12128891475274539
-0.003904395404633304
-0.1019144122630258
-0.17058271829525887
0.0
0.0
0.0
0.0
0.0
0.0
0.0
0.0
0.0
0.0
0.0
0.0
-0.23009597337148507
0.0
-0.18363786655993014
-0.6524814028775006
0.0
0.0
0.0
-0.8080616892382823
-1.3933418384404415
-2.290215285939637
-2.72507564919884
0.0
0.0
0.0
0.0
0.0
-0.29564083722861056
-0.8672354617324506
-1.797695120202103
-2.5620471402410665
-3.4983265270225923
-1.8331133593689635
0.0
0.0
0.0
0.0
0.0
0.0
0.0
0.0
-0.36883217270664076
-1.2851684504586183
-1.933812240224139
-0.9249013593582089
-0.1309636953810498
0.0
0.0
0.0
0.0
-0.5252088676040811
-1.0209562991244907
-1.0000900750910386
-1.276084178238726
0.0
0.0
-0.5086460530652028
-0.19287622241744473
0.0
0.0
-0.13168847201126233
0.0
0.0
-0.23350376770453707
-0.09276248199977566
-0.16902303273098251
0.0
-0.9536926940532682
0.0
-0.7919105750642987
-1.1120852362190854
-2.024723491312936
-0.013175903315777227
-1.1936885307131222
-1.224562293181733
0.0
0.0
-0.40111856615551744
0.0
-1.2518947639885771
-1.244249132710666
0.0
0.0
-0.9876908337582639
-1.6897291377753982
-2.5709185295689676
0.0
0.0
0.0
0.0
-1.5643546712527636
-2.139351525474681
-3.49633366706804
-1.4747265576777835
-2.881157016145217
-4.298699998695103
-3.51688060623469
-4.656341989482278
-5.716056924747863
-0.38229851884375776
-1.672854117895722
0.0
0.0
-0.8629333445684424
-1.3119999769951618
0.0
0.0
0.0
0.0
-0.44214807025533487
0.0
-0.8476729248583165
-1.7067770719061937
0.0
-1.2300746632853583
0.0
0.0
-1.1276927654551696
-1.7699544963949938
-3.140443345551266
-4.568685768420471
-6.006001247828644
-5.366253911187479
0.0
-1.3327451788240747
-0.760032725048132
-0.5741035484438259
-0.5735535311853097
-0.5735535311853097
0.0
0.0
0.0
0.0
0.0
0.0
0.0
-0.07882035758421357
-0.09257860944996815
-0.34424958659337024
-0.9358885165286738
-1.5275274464639774
-0.42768848892262534
-0.3450902997116815
0.0
0.0
0.0
0.0
-0.0573357526503564
0.0
0.0
0.0
0.0
0.0
0.0
0.0
0.0
-0.0007169825930497253
0.0
0.0
0.0
0.0
0.0
0.0
0.0
0.0
0.0
0.0
-0.0632724505623703
-0.339379170000583
-0.23835611660570244
0.0
0.0
0.0
0.0
0.0
0.0
0.0
0.0
0.0
0.0
0.0
0.0
0.0
0.0
0.0
0.0
0.0
0.0
0.0
0.0
0.0
0.0
0.0
0.0
0.0
0.0
0.0
0.0
0.0
0.0
0.0
0.0
0.0
0.0
0.0
0.0
0.0
0.0
0.0
0.0
0.0
0.0
0.0
0.0
0.0
0.0
0.0
0.0
0.0
0.0
0.0
0.0
0.0
0.0
0.0
0.0
0.0
0.0
0.0
0.0
0.0
0.0
0.0
0.0
0.0
0.0
0.0
0.0
0.0
0.0
0.0
0.0
0.0
0.0
0.0
0.0
0.0
0.0
0.0
0.0
0.0
0.0
0.0
0.0
0.0
0.0
0.0
0.0
0.0
0.0
0.0
0.0
0.0
0.0
0.0
0.0
0.0
0.0
0.0
0.0
0.0
0.0
0.0
0.0
0.0
0.0
0.0
0.0
0.0
0.0
0.0
0.0
0.0
0.0
0.0
0.0
0.0
0.0
0.0
0.0
0.0
0.0
0.0
0.0
0.0
0.0
0.0
0.0
0.0
0.0
0.0
0.0
0.0
0.0
0.0
0.0
0.0
0.0
0.0
0.0
0.0
0.0
0.0
0.0
0.0
0.0
0.0
0.0
0.0
0.0
0.0
0.0
0.0
0.0
0.0
0.0
0.0
0.0
0.0
0.0
0.0
0.0
0.0
0.0
0.0
0.0
0.0
0.0
0.0
0.0
0.0
0.0
0.0
0.0
0.0
0.0
0.0
0.0
0.0
0.0
0.0
0.0
0.0
0.0
0.0
0.0
0.0
0.0
0.0
0.0
0.0
0.0
0.0
0.0
0.0
0.0
0.0
0.0
0.0
0.0
0.0
0.0
0.0
0.0
0.0
0.0
0.0
0.0
0.0
0.0
0.0
0.0
-0.32801592200597607
0.0
0.0
0.0
0.0
0.0
-0.26591211198087744
-0.656344712427409
0.0
0.0
0.0
0.0
0.0
0.0
0.0
0.0
-0.16832069319595494
-0.11461533867097079
0.0
0.0
0.0
0.0
0.0
-0.6468613377328571
-0.8041419780504555
0.0
0.0
0.0
0.0
0.0
0.0
0.0
-0.58122915850753
0.0
-0.7584772585741952
-1.5439997159625958
-1.321118250378033
0.0
0.0
-0.7289099020991608
-1.7646836766262353
0.0
0.0
0.0
0.0
0.0
0.0
0.0
0.0
0.0
0.0
0.0
-0.8439367335676367
-1.5565666787756367
-2.277878262526264
-3.0240547080342415
-3.398408317581117
-3.8143071979865812
-2.438594676961704
-2.546103364190491
-2.990219326959967
0.0
-0.7442333373941354
-1.5991370176779123
-2.8975646141610767
-2.6319106601450235
-4.131428739394645
-5.155465383484522
-6.769449217912647
-8.392664241074305
-9.989123145544221
-11.595815450335003
-13.186930840425003
-14.732719854442657
-16.246333171296254
-17.74828168041255
-19.287268440220263
-20.163075430663085
-18.428614846152634
-12.11228418468815
-13.580575131225375
-14.990261657572624
-15.299780427878352
-15.033117882446795
-14.44861536332549
-15.15662269643071
-15.491353116756203
-16.86848995629192
-4.07841795279516
-1.570988402580849
-0.9756283708577529
0.0
0.0
0.0
0.0
0.0
0.0
-0.5715340600946514
-1.4092861810427644
-2.553720228923343
-2.354858352561422
0.0
0.0
0.0
0.0
-0.28603304741091173
-0.03645861518242047
-0.05073002442465315
-0.17787045929108147
-0.4075859568898539
-0.6529111076257709
-0.16986969419055964
0.0
0.0
-0.9414692358420164
-2.0007695378576607
0.0
-1.13612236145841
-2.280633275777938
-3.41571311216011
-3.384959471506991
-3.8796535014021796
-2.652049041579059
0.0
-0.26790884151244776
-0.8740177881965192
-1.5568743133953213
-1.919672009889639
-0.8336535407960233
-0.9355377975385194
-1.1368387333594514
-1.4837507907699603
-2.0830956994205927
-2.8387962246426417
-3.772401989811092
-4.713309896647072
-5.380327163578238
-5.601384744293325
-2.319152604183672
-1.8763154981971455
-1.5766150882595453
-1.6572804753805819
-1.4135389608909832
0.0
0.0
0.0
0.0
0.0
0.0
0.0
0.0
0.0
0.0
0.0
0.0
0.0
0.0
0.0
0.0
0.0
0.0
0.0
0.0
0.0
0.0
0.0
0.0
0.0
0.0
0.0
0.0
0.0
0.0
0.0
0.0
0.0
0.0
0.0
0.0
0.0
0.0
0.0
0.0
0.0
0.0
0.0
0.0
0.0
0.0
0.0
0.0
0.0
0.0
0.0
0.0
0.0
0.0
0.0
0.0
0.0
0.0
0.0
0.0
0.0
0.0
0.0
0.0
0.0
0.0
0.0
0.0
0.0
0.0
0.0
0.0
0.0
0.0
0.0
0.0
0.0
0.0
0.0
0.0
0.0
0.0
0.0
0.0
0.0
0.0
0.0
0.0
0.0
0.0
0.0
0.0
0.0
0.0
0.0
0.0
0.0
0.0
0.0
0.0
0.0
0.0
0.0
0.0
0.0
0.0
0.0
0.0
0.0
0.0
0.0
0.0
0.0
0.0
0.0
0.0
0.0
0.0
0.0
0.0
0.0
0.0
0.0
0.0
0.0
0.0
0.0
0.0
0.0
0.0
0.0
0.0
0.0
0.0
0.0
0.0
0.0
0.0
0.0
0.0
0.0
0.0
0.0
0.0
0.0
0.0
0.0
0.0
0.0
0.0
0.0
0.0
0.0
0.0
0.0
0.0
0.0
0.0
0.0
0.0
0.0
0.0
0.0
0.0
0.0
0.0
0.0
0.0
0.0
0.0
0.0
0.0
0.0
0.0
0.0
0.0
0.0
0.0
0.0
0.0
0.0
0.0
0.0
0.0
0.0
0.0
0.0
0.0
0.0
0.0
0.0
0.0
0.0
0.0
0.0
0.0
0.0
0.0
0.0
0.0
0.0
0.0
0.0
0.0
0.0
0.0
0.0
0.0
0.0
0.0
0.0
0.0
0.0
0.0
0.0
0.0
0.0
0.0
0.0
0.0
0.0
0.0
0.0
-0.2604544486624276
0.0
0.0
0.0
0.0
0.0
0.0
0.0
0.0
0.0
0.0
0.0
-0.3238623491026882
-0.33944280583149733
0.0
0.0
0.0
0.0
0.0
0.0
0.0
0.0
0.0
0.0
0.0
0.0
0.0
0.0
0.0
-0.32463292238325825
-0.48184426296120786
-1.1650997238732017
-0.817413941218214
-1.1265246184405573
-0.8860838302787619
-0.7677070639755228
-1.358234525446398
-2.025370265724664
-2.611446787317083
-3.04813012173782
-3.778312844649907
0.0
0.0
0.0
0.0
-0.5275214678791267
-1.1476016544037007
-1.5796740386903978
-1.9136912275293465
-2.546738405278358
-0.6359303039596422
0.0
0.0
-0.4374913494265704
0.0
-0.19457169366045357
-0.9447204648901584
0.0
-1.1143285267932441
-2.636151589511867
-4.09418092567311
-5.584307988001852
-5.653573195926932
-7.129935858339396
-8.592749260114491
-8.823140468935671
-10.345212710927747
-11.906500582162852
-13.2714651607738
-14.855933864120708
-14.077790405694852
-15.676098482860338
-17.26531798045645
-18.683800897666856
-17.58892340896422
-9.9625562841108
-8.774629273093748
-10.05867477069227
-11.53758153086444
-12.234683819737796
-13.593695351246565
-14.265430805228757
-15.740399651114735
-16.43733914984745
-14.50184310916697
-14.175311680444795
-15.650280526330773
-16.54409915804245
-17.86755085767396
-18.218590555690124
0.0
0.0
0.0
-0.7019346821016941
-1.9370411401122523
-2.9146182087249777
-3.5558984108293137
0.0
-0.10509126377466059
-0.7628745009803686
0.0
-0.10665346005023094
-0.27325105963060425
0.0
-0.17066890929347597
0.0
0.0
0.0
0.0
0.0
0.0
0.0
0.0
-0.5555396488707446
-1.0980027648646757
-1.5967621335390638
-2.110443414910157
-2.8559543049884115
-4.017265678244259
0.0
0.0
-0.8561113528724169
-1.9013068575266472
0.0
-0.49796595712264835
-1.260007942524353
-1.9925352063761852
-2.588707159861416
-3.514920951897913
-3.5212345374328513
-3.0377769051184527
-3.0223311865654208
-1.71641599771388
-0.7656624044656914
-0.25317255817919626
-0.14919157387731705
-0.07120362868391814
0.0
0.0
0.0
0.0
0.0
0.0
0.0
0.0
0.0
0.0
0.0
0.0
0.0
0.0
0.0
0.0
0.0
0.0
0.0
0.0
0.0
0.0
0.0
0.0
0.0
0.0
0.0
0.0
0.0
0.0
0.0
0.0
0.0
0.0
0.0
0.0
0.0
0.0
0.0
0.0
0.0
0.0
0.0
0.0
0.0
0.0
0.0
0.0
0.0
0.0
0.0
0.0
0.0
0.0
0.0
0.0
0.0
0.0
0.0
0.0
0.0
0.0
0.0
0.0
0.0
0.0
0.0
0.0
0.0
0.0
0.0
0.0
0.0
0.0
0.0
0.0
0.0
0.0
0.0
0.0
0.0
0.0
0.0
0.0
0.0
0.0
0.0
0.0
0.0
0.0
0.0
0.0
0.0
0.0
0.0
0.0
0.0
0.0
0.0
0.0
0.0
0.0
0.0
0.0
0.0
0.0
0.0
0.0
0.0
0.0
0.0
0.0
0.0
0.0
0.0
0.0
0.0
0.0
0.0
0.0
0.0
0.0
0.0
0.0
0.0
0.0
0.0
0.0
0.0
0.0
0.0
0.0
0.0
0.0
0.0
0.0
0.0
0.0
0.0
0.0
0.0
0.0
0.0
0.0
0.0
0.0
0.0
0.0
0.0
0.0
0.0
0.0
0.0
0.0
0.0
0.0
0.0
0.0
0.0
0.0
0.0
0.0
0.0
0.0
0.0
0.0
0.0
0.0
0.0
0.0
0.0
0.0
0.0
0.0
0.0
0.0
0.0
0.0
0.0
0.0
0.0
0.0
0.0
0.0
0.0
0.0
0.0
0.0
0.0
0.0
0.0
0.0
0.0
0.0
0.0
0.0
0.0
0.0
0.0
0.0
0.0
0.0
0.0
0.0
0.0
0.0
0.0
0.0
0.0
0.0
0.0
0.0
0.0
0.0
0.0
0.0
0.0
0.0
0.0
0.0
0.0
0.0
0.0
0.0
0.0
0.0
0.0
0.0
0.0
0.0
0.0
0.0
0.0
0.0
0.0
0.0
0.0
0.0
0.0
0.0
0.0
0.0
0.0
0.0
0.0
0.0
0.0
0.0
0.0
0.0
0.0
0.0
0.0
0.0
0.0
0.0
0.0
0.0
0.0
0.0
0.0
0.0
0.0
0.0
0.0
-0.4070715026691747
-0.8885149032498263
-1.2163661100532464
-1.275645165233049
-1.6631983789589047
-2.39731143165981
-2.2544246865279174
-1.7550916142581077
-2.2733337021071414
-2.738304577457582
-3.409985059623653
-3.646376096379096
-1.2991048700921963
0.0
-1.4607230770214223
-3.0119414376423785
-4.572365325376184
-5.39959313539761
-6.2416532469022785
-7.552093170479681
-8.970507894387962
-9.743010744117445
-11.32986095023536
-12.903715994311392
-4.379206108163597
-4.248301421114524
0.0
-0.9943303883313782
0.0
0.0
-1.4443135274490342
-1.4984694458627206
-1.6895616378913545
-3.6329509817191203
-5.49481207910816
-4.439327144010631
-5.6531867275846075
-7.0852837140092815
-8.11618755476218
-9.20434552138845
-8.896513875842576
-10.706093770574723
-9.944646161279582
-11.255420368725312
-12.765931106341903
-12.319750529191717
-9.813766076219455
-11.602618435525859
-13.68909519278831
-15.853970734934084
-17.93303505534517
-19.82993009929867
-21.901305849336477
-23.87654278483257
-24.638786119196883
-21.99961201720165
-20.139625469796112
-21.62404136545016
-21.67782393970066
-22.054086180621137
-23.36219510057661
-24.691915627870852
-26.205630987815056
-27.738807469514633
-29.31989550279529
-23.123711154876126
-24.333416166989835
-25.77758023215475
-26.407456265298613
-26.14339652579207
-27.488554571901428
-28.396114543239225
-29.453107403858542
-30.636323647956942
-32.34645484901598
-33.955805703074695
-35.36942678010736
-36.019517434230224
-34.08313171107232
-30.9330086940625
-31.244684188845223
-31.591542865669343
-32.425203128123
-32.44326374405248
-33.20592160164765
-33.97788875450219
-34.99599109610785
-31.17708045195066
-26.677700507515688
-27.235848162717403
-22.949537863130075
-23.281188746347212
-23.760378181070728
-24.67683839067552
-25.764377642645254
-26.853523513457404
-27.72932735374091
-28.718331281597983
-29.67728544060907
-28.392069917147527
-19.22381073823526
-17.24837440222633
-17.24837440222633
-17.19209443421854
-16.49441261128269
-14.547398632127722
-13.90184530999481
-14.033474949503015
-14.285713636105935
0.0
0.0
0.0
0.0
0.0
0.0
0.0
0.0
0.0
0.0
0.0
0.0
0.0
0.0
0.0
0.0
0.0
0.0
0.0
0.0
0.0
0.0
0.0
0.0
0.0
0.0
0.0
0.0
0.0
0.0
0.0
0.0
0.0
0.0
0.0
0.0
0.0
0.0
0.0
0.0
0.0
0.0
0.0
0.0
0.0
0.0
0.0
0.0
0.0
0.0
0.0
0.0
0.0
0.0
0.0
0.0
0.0
0.0
0.0
0.0
0.0
0.0
0.0
0.0
0.0
0.0
0.0
0.0
0.0
0.0
0.0
0.0
0.0
0.0
0.0
0.0
0.0
0.0
0.0
0.0
0.0
0.0
0.0
0.0
0.0
0.0
0.0
0.0
0.0
0.0
0.0
0.0
0.0
0.0
0.0
0.0
0.0
0.0
0.0
0.0
0.0
0.0
0.0
0.0
0.0
0.0
0.0
0.0
0.0
0.0
0.0
0.0
0.0
0.0
0.0
0.0
0.0
0.0
0.0
0.0
0.0
0.0
0.0
0.0
0.0
0.0
0.0
0.0
0.0
0.0
0.0
0.0
0.0
0.0
0.0
0.0
0.0
0.0
0.0
0.0
0.0
0.0
0.0
0.0
0.0
0.0
0.0
0.0
0.0
0.0
0.0
0.0
0.0
0.0
0.0
0.0
0.0
0.0
0.0
0.0
0.0
0.0
0.0
0.0
0.0
0.0
0.0
0.0
0.0
0.0
0.0
0.0
0.0
0.0
0.0
0.0
0.0
0.0
0.0
0.0
0.0
0.0
0.0
0.0
0.0
0.0
0.0
0.0
0.0
0.0
0.0
0.0
0.0
0.0
0.0
0.0
0.0
0.0
0.0
0.0
0.0
0.0
0.0
0.0
0.0
0.0
0.0
0.0
0.0
0.0
0.0
0.0
0.0
0.0
0.0
0.0
0.0
-0.05586775367025226
0.0
0.0
0.0
0.0
0.0
0.0
0.0
0.0
0.0
0.0
0.0
0.0
0.0
0.0
0.0
0.0
0.0
0.0
0.0
0.0
0.0
0.0
0.0
0.0
0.0
0.0
0.0
0.0
0.0
0.0
0.0
0.0
0.0
0.0
0.0
0.0
0.0
0.0
-0.3805947561891535
0.0
0.0
0.0
0.0
-0.6771775772074096
-0.6888845799550762
0.0
0.0
0.0
0.0
0.0
-0.6122608213696847
-0.6239678241173514
-0.31596546974555095
0.0
0.0
0.0
-0.4016653531262857
-0.5729721655802222
-0.6998413189672095
-0.841563687470779
-0.8935747633197935
-1.0204439167067807
-1.147313070093768
0.0
-0.3705577621391991
0.0
-1.4784350163090672
0.0
-0.6362766253481686
0.0
0.0
-1.3584598546225732
-2.7169197092451465
-1.1685828527648656
-1.6816898764196697
-3.1354894729142324
-4.725634580429366
-6.321959828638554
-7.915216860512566
-9.204826435169998
-8.296869547187828
-8.845271008099743
-3.7306090076606218
-2.860293354819369
-4.169329167655597
-5.63094218646667
-6.984994554022611
-8.453277339937738
-4.833375782566116
-5.4393124027385555
-2.992846263801623
0.0
0.0
0.0
0.0
-0.26157273216757093
-0.10812869968122207
0.0
-0.5254128597621314
-1.1881369967854976
-2.1131436281914278
-3.093729769328993
-3.8616167603712386
-4.341974716298426
-5.220428714926511
-5.728431143864683
-0.1520883564355131
-0.42890338772734266
-0.78254249106841
-0.8943125800404947
-0.7651723731530382
-1.2239111930547832
0.0
0.0
-0.5397618682532475
-2.013646793558979
-3.026754825629017
-4.148721630893617
-5.14565527246743
-6.384144440829626
-7.460339490921321
-8.612154313470224
-10.113386671054691
-11.603588103761313
-12.475492148430668
-13.107004925676817
-14.143103997681077
-13.86913679395751
-13.916192165926574
-5.536933220903418
-6.067483922228311
-5.237932965178737
-5.1950957910472075
-5.167741970228598
-5.061832178007349
-5.061832178007349
-5.061832178007349
-5.061832178007349
-4.620341936665724
-4.658807361939945
0.0
0.0
0.0
0.0
0.0
0.0
0.0
0.0
0.0
0.0
0.0
-0.0035927903540927675
0.0
0.0
0.0
0.0
0.0
0.0
0.0
0.0
0.0
0.0
0.0
0.0
0.0
0.0
0.0
0.0
0.0
0.0
0.0
0.0
0.0
0.0
0.0
0.0
0.0
0.0
0.0
0.0
0.0
0.0
0.0
0.0
0.0
0.0
0.0
0.0
0.0
0.0
0.0
0.0
0.0
0.0
0.0
0.0
0.0
0.0
0.0
0.0
0.0
0.0
0.0
0.0
0.0
0.0
0.0
0.0
0.0
0.0
0.0
0.0
0.0
0.0
0.0
0.0
0.0
0.0
0.0
0.0
0.0
0.0
0.0
0.0
0.0
0.0
0.0
0.0
0.0
0.0
0.0
0.0
0.0
0.0
0.0
0.0
0.0
0.0
0.0
0.0
0.0
0.0
0.0
0.0
0.0
0.0
0.0
0.0
0.0
0.0
0.0
0.0
0.0
0.0
0.0
0.0
0.0
0.0
0.0
0.0
0.0
0.0
0.0
0.0
0.0
0.0
0.0
0.0
0.0
0.0
0.0
0.0
0.0
0.0
0.0
0.0
0.0
0.0
0.0
0.0
0.0
0.0
0.0
0.0
0.0
0.0
0.0
0.0
0.0
0.0
0.0
0.0
0.0
0.0
0.0
0.0
0.0
0.0
0.0
0.0
0.0
0.0
0.0
0.0
0.0
0.0
0.0
0.0
0.0
0.0
0.0
0.0
0.0
0.0
0.0
0.0
0.0
0.0
0.0
0.0
0.0
0.0
0.0
0.0
0.0
0.0
0.0
0.0
0.0
0.0
0.0
0.0
0.0
0.0
0.0
0.0
0.0
0.0
0.0
0.0
0.0
0.0
0.0
0.0
0.0
0.0
0.0
0.0
0.0
0.0
0.0
0.0
0.0
0.0
0.0
0.0
0.0
0.0
0.0
-0.13939892435903922
0.0
0.0
0.0
0.0
0.0
0.0
0.0
0.0
0.0
-0.03143751795933247
0.0
0.0
-0.02069922127763968
0.0
0.0
0.0
0.0
0.0
0.0
0.0
-0.5259303390137169
-1.0188874270370822
0.0
0.0
0.0
0.0
0.0
0.0
0.0
0.0
0.0
0.0
0.0
0.0
0.0
0.0
0.0
0.0
0.0
0.0
0.0
0.0
0.0
0.0
0.0
0.0
0.0
0.0
0.0
0.0
0.0
0.0
0.0
0.0
0.0
-0.3696671197623207
-0.719327914002938
-1.0260091863105347
-0.5798848843819782
0.0
0.0
0.0
-0.8502575276521287
-1.643870523706249
0.0
0.0
-1.088522698799583
-2.1695485268477075
-3.1947976395332778
-4.113864854694103
-4.797901716519812
-5.7569343269196205
-6.076539449741255
-0.7281506258231234
0.0
0.0
-1.3944361893155335
0.0
0.0
0.0
-0.6229581396069894
-0.034981022195125
0.0
0.0
0.0
0.0
-0.8016214028097902
-2.1811770023059274
-3.0292518853941637
-4.190853128736167
-5.428960502245042
-6.5935203371467
-7.0232646019684495
-8.388831790048378
-7.052686983472997
-8.580813657117234
-10.06205214796417
-11.61171078902273
-12.92130145690882
-11.347636688072196
-12.201235726769102
-8.824740641748658
-0.2338850135526922
-0.4706432343731155
0.0
0.0
-0.16862258595277313
-1.047546552198524
-2.014336203398906
-2.8251331477770374
-3.5559695531350832
-4.755858858821556
-5.946805624228301
-4.5424878832169915
-5.675711718939505
-5.773914431841233
-6.937894477575176
-7.823666584127345
-8.745362685588969
-9.736231675215185
-8.90543252892143
-9.977567986047926
-11.18309635450652
-11.706583680802627
0.0
0.0
-0.9745462920498026
0.0
0.0
0.0
-0.5236228532900633
-0.5237246398966894
-0.5237133777085091
-0.5237133777085091
-0.5216363109093123
-0.7002474570469599
-0.7002474570469599
-0.7631769532552227
-0.9946301540870888
-0.9805519358615544
-0.9805519358615544
-0.9805519358615544
-0.952275963022527
-0.8980865231201148
-0.8980865231201148
-0.8980865231201148
-0.8980865231201148
-0.7933694732312426
-0.6073700486132685
-0.6073700486132685
-0.23356341849861834
-0.17809802985407935
-0.041639126258225745
-0.041639126258225745
-0.029055397561441924
0.0
0.0
0.0
0.0
0.0
0.0
0.0
0.0
0.0
0.0
0.0
0.0
0.0
0.0
0.0
0.0
0.0
0.0
0.0
0.0
0.0
0.0
0.0
0.0
0.0
0.0
0.0
0.0
0.0
0.0
0.0
0.0
0.0
0.0
0.0
0.0
0.0
0.0
0.0
0.0
0.0
0.0
0.0
0.0
0.0
0.0
0.0
0.0
0.0
0.0
0.0
0.0
0.0
0.0
0.0
0.0
0.0
0.0
0.0
0.0
0.0
0.0
0.0
0.0
0.0
0.0
0.0
0.0
0.0
0.0
0.0
0.0
0.0
0.0
0.0
0.0
0.0
0.0
0.0
0.0
0.0
0.0
0.0
0.0
0.0
0.0
0.0
0.0
0.0
0.0
0.0
0.0
0.0
0.0
0.0
0.0
0.0
0.0
0.0
0.0
0.0
0.0
0.0
0.0
0.0
0.0
0.0
0.0
0.0
0.0
0.0
0.0
0.0
0.0
0.0
0.0
0.0
0.0
0.0
0.0
0.0
0.0
0.0
0.0
0.0
0.0
0.0
0.0
0.0
0.0
0.0
0.0
0.0
0.0
0.0
0.0
0.0
0.0
0.0
0.0
0.0
0.0
0.0
0.0
0.0
0.0
0.0
0.0
0.0
0.0
0.0
0.0
0.0
0.0
0.0
0.0
0.0
0.0
0.0
0.0
0.0
0.0
0.0
0.0
0.0
0.0
0.0
0.0
0.0
0.0
0.0
0.0
0.0
0.0
0.0
0.0
0.0
0.0
0.0
0.0
0.0
0.0
0.0
0.0
0.0
0.0
0.0
0.0
0.0
0.0
0.0
0.0
0.0
0.0
0.0
0.0
0.0
0.0
0.0
0.0
0.0
0.0
0.0
0.0
0.0
0.0
0.0
0.0
0.0
0.0
0.0
0.0
0.0
0.0
0.0
0.0
0.0
0.0
0.0
0.0
0.0
0.0
0.0
0.0
0.0
0.0
0.0
0.0
0.0
0.0
0.0
0.0
0.0
0.0
0.0
0.0
0.0
0.0
0.0
0.0
0.0
0.0
-0.014045179758327642
0.0
0.0
0.0
0.0
0.0
-0.28800308008563946
0.0
0.0
0.0
0.0
0.0
0.0
0.0
-0.5008200688794155
0.0
-0.5688378888107029
-1.2828695861077908
-1.236192945341389
-1.561770850921565
-1.801313107055632
-2.112668337698527
-2.4524208616439225
-2.998554904677605
-2.788345061023767
-0.78986145739397
0.0
-1.52448353185334
-3.1899604841662415
-4.896918092195732
-6.518877264968588
-0.4905498194641673
0.0
0.0
0.0
-1.3421937488503182
-3.0580992815470545
-4.8461194735292565
-1.4127965279945753
0.0
0.0
-0.814495711250725
-2.31191367754848
-3.8057814136345858
-5.192100097449032
-6.6674472420432105
-8.181886773242669
-9.675754509328774
-11.162370194132865
-13.072394894428793
-14.99498487538038
-16.856451631492938
-14.338905726904152
-16.512127326004773
-14.478277365939736
-4.771544265741934
-6.527729848569326
-8.173677862009402
-3.358724159578477
-4.484447446745389
-3.708542532803679
0.0
0.0
-1.2390816571816146
0.0
0.0
-1.2969956338413255
-3.053181216668718
-4.879988801166187
-3.548768393247409
-4.731922389367662
-6.00359936753398
-7.4591122825457
-8.426512192108172
-8.287339924089123
-9.51204125466418
-8.791957214276907
-4.918807345255701
-2.6114996721259267
-2.0730963033704564
-2.1320850285480555
-2.2209997246565045
-2.027300217120876
-0.0032626687033365798
0.0
0.0
0.0
-0.06783546148372441
-0.08596117952170432
-0.5929109620912364
0.0
-0.025087456661000207
-0.5916145750390538
0.0
-0.9098509553098229
-1.560152418675569
-2.678251010707122
0.0
0.0
0.0
-0.9152124060002997
-1.7573933886985813
-2.1764708693969284
-2.859224322677901
-3.5264652298510266
-4.469566105000373
-5.451692494718749
-6.280197907589685
-6.795136042520855
-7.580882076013328
-5.76914377701749
-6.458672715487734
-7.259394063647615
-7.187336671409242
-7.14869602201836
-5.864205372304805
-5.861385405191762
-5.861385405191762
-5.861385405191762
-5.843970348795836
-5.843970348795836
-5.843970348795836
-5.843970348795836
-5.843970348795836
-5.843970348795836
-5.843970348795836
-5.843970348795836
-5.974842553851826
-5.986477891227628
-6.134488867171486
-4.929567115907693
-5.103383635069688
-2.3142953394568178
0.0
0.0
0.0
0.0
0.0
0.0
0.0
0.0
0.0
0.0
0.0
0.0
0.0
0.0
0.0
0.0
0.0
0.0
0.0
0.0
0.0
0.0
0.0
0.0
0.0
0.0
0.0
0.0
0.0
0.0
0.0
0.0
0.0
0.0
0.0
0.0
0.0
0.0
0.0
0.0
0.0
0.0
0.0
0.0
0.0
0.0
0.0
0.0
0.0
0.0
0.0
0.0
0.0
0.0
0.0
0.0
0.0
0.0
0.0
0.0
0.0
0.0
0.0
0.0
0.0
0.0
0.0
0.0
0.0
0.0
0.0
0.0
0.0
0.0
0.0
0.0
0.0
0.0
0.0
0.0
0.0
0.0
0.0
0.0
0.0
0.0
0.0
0.0
0.0
0.0
0.0
0.0
0.0
0.0
0.0
0.0
0.0
0.0
0.0
0.0
0.0
0.0
0.0
0.0
0.0
0.0
0.0
0.0
0.0
0.0
0.0
0.0
0.0
0.0
0.0
0.0
0.0
0.0
0.0
0.0
0.0
0.0
0.0
0.0
0.0
0.0
0.0
0.0
0.0
0.0
0.0
0.0
0.0
0.0
0.0
0.0
0.0
0.0
0.0
0.0
0.0
0.0
0.0
0.0
0.0
0.0
0.0
0.0
0.0
0.0
0.0
0.0
0.0
0.0
0.0
0.0
0.0
0.0
0.0
0.0
0.0
0.0
0.0
0.0
0.0
0.0
0.0
0.0
0.0
0.0
0.0
0.0
0.0
0.0
0.0
0.0
0.0
0.0
0.0
0.0
0.0
0.0
0.0
0.0
0.0
0.0
0.0
0.0
0.0
0.0
0.0
0.0
0.0
0.0
0.0
0.0
0.0
0.0
0.0
0.0
0.0
0.0
0.0
0.0
0.0
0.0
0.0
0.0
-0.09145433537726255
0.0
-0.510900794168478
-0.8216208117860433
-1.5711697791350052
0.0
-0.9134419307549637
-1.925086333088996
-2.515673926210742
-3.4957368256797414
-4.346573967204547
-4.646986959859639
-1.3493292605106024
-1.9243568271837366
0.0
0.0
0.0
-0.172256553811244
-0.2706954687268984
-0.48505715668440674
-0.7492923161917212
0.0
-0.08170319983681051
0.0
0.0
0.0
0.0
-0.22425570562201935
-0.4768429767518869
-1.5799627697452312
-3.2119857210835887
-4.899286246324463
-6.012037275886332
-6.265062810308543
-7.881237712723477
-9.049075264676219
-9.786989193972577
-10.597757236570095
-10.380523377313246
-11.933725568998955
-14.066678825658316
-16.245987076606117
-16.35760960447729
-9.788581703080816
-6.208825159769455
-3.1574848833239173
-3.790499557638811
-5.6955529711955695
-0.45280409066309346
-2.39322241032763
-3.593871907429222
-5.583621288612984
-7.6218826100668995
-9.869415601484643
-8.705250198328054
-9.522016423935973
-11.666659101791865
-13.656408482975626
-10.453972988070777
-7.431718873762009
-5.82857510758881
-7.12571427736381
-9.003240178789191
-2.2052049586355187
-3.766580936174586
-2.3233569637370834
0.0
0.0
0.0
-1.3163691519420349
-0.14805419644853024
-1.5964160955495281
-2.5799369079741643
-1.6020424531807358
-3.4875156689881983
-5.37298888479566
-1.0203105137092674
0.0
-0.015172795842595344
0.0
0.0
-1.0394514918612534
-2.4544103475523587
-4.196716516351982
0.0
0.0
-1.1712728688674736
-2.5719501930710615
-3.9859833175369612
-5.3557534127913105
-4.6099871957583805
-6.463106333074542
-8.337837988031051
-10.409906853457496
-12.273270433862566
-4.267425287475184
-5.364057068205016
-0.509415967527703
-0.13619333221798346
0.0
-0.13009037531453277
-0.25756794840379954
-0.6692795816952788
-1.1734387908634152
-1.6980366264593347
-1.6320302276712029
0.0
0.0
-0.21679667463550734
-0.5571526748839352
-1.1581124606398459
-1.6882475488268254
-2.3485479210383575
0.0
0.0
-0.47042049342822456
-0.6845513990840866
-1.0626328731576116
-1.0626328731576116
-1.4444810563690966
-0.7719012867573602
-0.6591302247824345
-0.5073641324227294
0.0
-0.01995904846734875
-0.5183663494065641
-1.0452235571448234
-1.607910834436088
0.0
-0.2868785999648465
-1.0346605166478644
-1.7168583777635245
0.0
-0.4500074581926943
0.0
0.0
0.0
0.0
-0.4271173619883735
-1.3149488075577698
-2.1741243444776406
-3.0622068025974643
-3.921382339517335
-4.731547757848757
-5.647998881961773
-6.562454054722868
-7.457347686731628
-8.215003268767987
-8.831093137222338
-9.705810333802761
-10.600703965811523
-11.480070171782286
-12.339245708702157
-7.94245055145123
-8.54426207687734
-8.944814473012105
-9.0796283184296
-9.790061882338978
-10.435111772366263
-11.135786931156511
-11.32097207681376
-11.48209705949448
-11.497188273330396
-11.497188273330396
-11.497188273330396
-11.497188273330396
-11.497188273330396
-11.497188273330396
-11.497188273330396
-11.497188273330396
-11.497188273330396
-11.497188273330396
-11.497188273330396
-11.497188273330396
-11.497188273330396
-11.497188273330396
-11.497188273330396
-11.497188273330396
-11.497188273330396
-11.497188273330396
-11.497188273330396
-11.497188273330396
-11.497188273330396
-11.497188273330396
-11.497188273330396
-11.497188273330396
-11.497188273330396
-11.497188273330396
-11.497188273330396
-11.497188273330396
-11.497188273330396
-11.497188273330396
-11.497188273330396
-11.497188273330396
-11.497188273330396
-11.497188273330396
-11.497188273330396
-11.497188273330396
-11.497188273330396
-11.497188273330396
-11.497188273330396
-11.248551655714818
-11.248551655714818
-11.248551655714818
-11.248551655714818
-11.248551655714818
-11.248551655714818
-11.248551655714818
-11.248551655714818
-11.248551655714818
-11.248551655714818
-11.248551655714818
-11.248551655714818
-11.248551655714818
-11.248551655714818
-11.248551655714818
-11.248551655714818
-11.248551655714818
-11.248551655714818
-9.739946847163681
-8.561660873788606
-8.508985345073938
-8.508985345073938
-8.384479239522861
-8.365716778407146
-7.244371219469892
-7.244371219469892
-7.244371219469892
-7.244371219469892
-7.244371219469892
-7.244371219469892
-7.244371219469892
-7.244371219469892
-7.244371219469892
-7.244371219469892
-7.244371219469892
-7.244371219469892
-7.244371219469892
-7.244371219469892
-7.244371219469892
-7.244371219469892
-7.244371219469892
-7.244371219469892
-7.244371219469892
-7.244371219469892
-7.244371219469892
-7.244371219469892
-7.216511726171485
-7.216511726171485
-7.216511726171485
-7.216511726171485
-7.216511726171485
-7.216511726171485
-7.216511726171485
-7.216511726171485
-7.216511726171485
-7.216511726171485
-7.216511726171485
-7.216511726171485
-7.216511726171485
-7.216511726171485
-7.216511726171485
-7.216511726171485
-7.216511726171485
-7.216511726171485
-7.216511726171485
-7.216511726171485
-7.081937341176679
-7.047391323642373
-6.480503623003907
-4.553208946960099
-3.525197283692889
-3.360791285294685
-3.315684421039131
-3.3043010168435787
-3.1490716845118603
-2.8560024299974356
-2.6073658123818584
-2.009943846992303
-1.9058087155941978
-1.8047647342446194
-1.7882385396402143
-1.366948742720317
-1.366948742720317
-1.366948742720317
-1.366948742720317
-1.3453112253258586
-1.3453112253258586
-1.3453112253258586
-1.3453112253258586
-1.3453112253258586
-1.3453112253258586
-1.3453112253258586
-1.3453112253258586
-1.3453112253258586
-1.3453112253258586
-1.3453112253258586
-1.3453112253258586
-1.310765207791552
-1.310765207791552
-1.29715181589243
-1.29715181589243
-1.1625774308976233
0.0
0.0
0.0
0.0
0.0
0.0
0.0
0.0
0.0
0.0
0.0
0.0
0.0
0.0
0.0
0.0
0.0
0.0
0.0
0.0
0.0
0.0
0.0
0.0
0.0
0.0
0.0
0.0
0.0
0.0
0.0
0.0
0.0
0.0
0.0
0.0
0.0
0.0
0.0
0.0
0.0
0.0
0.0
0.0
0.0
0.0
0.0
0.0
0.0
0.0
0.0
-0.17214512085770162
-0.021535146885961587
0.0
0.0
-0.6028807274003629
0.0
0.0
0.0
0.0
0.0
0.0
0.0
0.0
0.0
-0.446916607908843
-0.9705857059797922
-1.5615257841393118
0.0
0.0
0.0
0.0
0.0
0.0
0.0
0.0
0.0
0.0
0.0
-0.1259333370134048
0.0
0.0
0.0
0.0
0.0
0.0
0.0
0.0
0.0
-0.10436984875990163
0.0
0.0
0.0
0.0
0.0
0.0
-0.11463615854091591
0.0
0.0
-1.3249734849400867
-2.7196828073342005
-4.303820812456765
-5.887958817579329
-7.449885697078089
-9.03041636691069
-10.592343246409449
-9.452163629685433
0.0
-0.941226005659549
-1.8860326226188542
0.0
0.0
-1.8878005466617371
-2.99001705754322
-2.5780756047919917
-1.5129057756884496
-1.9410685543744057
-3.8294538860362244
-5.624317067076619
-3.9171048699855606
-5.143810454423001
-2.7593041706715584
-4.554385241483939
-4.75876469014364
-1.6631823313936351
-0.529073561429477
-2.2857470926110324
-4.068263890531222
-6.058406844173382
-8.05856387963103
-9.946719724338278
-11.936862677980438
-13.463990129878853
-15.372821427601593
-17.18744097846689
-19.075596823174134
-20.796976939658894
-22.934115768336525
-23.900444905491646
-25.798956477014592
-27.65582469090587
-29.7544148790316
-31.86268474069827
-32.157031094028774
-34.274952096161286
-36.3928730982938
-38.56811750234325
-40.80903112370971
-42.85878451917854
-43.55312968411813
-34.780144618921696
-36.05599206051334
-34.791251339654266
-33.994507891331196
-31.202834374063897
-32.11628649494969
-25.25034480143212
-23.333359030507186
-24.251863911418955
-21.179740469863816
-22.08179823418943
-6.331581638551622
-4.242023770642463
-2.116399470929622
0.0
-0.9318386715219842
-1.8911218521846718
-3.064881656022031
-4.348340918620517
-5.7147849567802975
-6.966113806997006
-8.260151832066418
-9.636727193638745
-10.78736423724526
-5.757008094649491
-6.3457487928252085
-6.544077709744291
-7.108013122889439
-7.40907319319835
-7.694266306093496
-7.952465134181935
-8.293162071232482
-6.7574105072324215
-6.168992480908005
-6.052790781637997
-5.089775091638983
-5.7122902812952185
-6.743215107827712
-7.618661369902662
-8.494107631977611
-9.392834187470656
-10.23274049512184
-11.011594214999139
-11.993545810505474
-12.965388701982937
-13.781160565377974
-14.509317283053317
-14.979951872638242
-15.708108590313586
-14.234331903688222
-12.685511628729014
-13.008995353268865
-13.491260397808418
-14.099623452995225
-14.946316651750509
-6.2690443005943095
-5.7807741638157815
-5.571070063989333
-4.660340297133439
-4.062983816890011
-4.410104450101658
0.0
0.0
0.0
0.0
0.0
0.0
0.0
0.0
0.0
0.0
0.0
0.0
0.0
0.0
0.0
0.0
0.0
0.0
0.0
0.0
0.0
0.0
0.0
0.0
0.0
0.0
0.0
0.0
0.0
0.0
0.0
0.0
0.0
0.0
0.0
0.0
0.0
0.0
0.0
0.0
0.0
0.0
0.0
0.0
0.0
0.0
0.0
0.0
0.0
0.0
0.0
0.0
0.0
0.0
0.0
0.0
0.0
0.0
0.0
0.0
0.0
0.0
0.0
0.0
0.0
0.0
0.0
0.0
0.0
0.0
0.0
0.0
0.0
0.0
0.0
0.0
0.0
0.0
0.0
0.0
0.0
0.0
0.0
0.0
0.0
0.0
0.0
0.0
0.0
0.0
0.0
0.0
0.0
0.0
0.0
0.0
0.0
0.0
0.0
0.0
0.0
0.0
0.0
0.0
0.0
0.0
0.0
0.0
0.0
0.0
0.0
0.0
0.0
0.0
0.0
0.0
0.0
0.0
0.0
0.0
0.0
0.0
0.0
0.0
0.0
0.0
0.0
0.0
0.0
0.0
0.0
0.0
0.0
0.0
0.0
0.0
0.0
0.0
0.0
0.0
0.0
0.0
0.0
0.0
0.0
0.0
0.0
0.0
0.0
0.0
0.0
0.0
0.0
0.0
0.0
0.0
0.0
0.0
0.0
0.0
0.0
0.0
0.0
0.0
0.0
0.0
0.0
0.0
0.0
0.0
0.0
0.0
0.0
0.0
0.0
0.0
0.0
0.0
0.0
0.0
0.0
0.0
0.0
0.0
0.0
0.0
0.0
0.0
0.0
0.0
0.0
0.0
0.0
0.0
0.0
0.0
0.0
0.0
0.0
0.0
0.0
0.0
0.0
0.0
0.0
0.0
0.0
0.0
0.0
0.0
0.0
0.0
0.0
0.0
0.0
0.0
0.0
0.0
0.0
0.0
0.0
0.0
0.0
0.0
0.0
0.0
0.0
0.0
0.0
0.0
0.0
0.0
0.0
0.0
0.0
0.0
0.0
0.0
0.0
0.0
0.0
0.0
0.0
0.0
0.0
0.0
0.0
-0.36039667574852996
0.0
0.0
-0.4840274935778841
0.0
-0.41076529225460257
0.0
0.0
-0.4573827011310365
-1.126622683164998
0.0
0.0
0.0
-0.8892835392160967
-1.7365450131799112
0.0
0.0
-1.2148436997831882
-2.62325873900316
-4.0786989334785595
-5.605583791117243
-7.201699792026601
-8.916066665200312
-10.623045985470593
-11.92898574690308
-13.518414445788412
-14.889427535525511
-16.436453616443547
-18.05517543739471
-16.087220343735968
-17.65062410251599
-19.062307761853116
-20.56671349648331
-22.103271972519742
-24.02582208551558
-25.177733986612512
-27.431496054074238
-29.72351946835081
-32.227040304160035
-34.83578884053175
-37.16560884063757
-39.16582648695454
-32.15305443602702
-34.218102168506924
-36.38397626811704
-38.47964371438783
-36.74960299825652
-38.885595412987456
-38.95974725897371
-36.418766881699256
-21.267383831486313
-10.841750961960836
-11.928273618951716
-6.799981857343396
-6.677189251647419
-8.094750116255476
-9.492714832296556
-10.972159745562205
-12.75632890130068
-12.18720490565586
-6.957759199853123
-8.07379098763969
-9.122807914088538
-10.060971028641077
-11.239820100537662
-12.649609948033877
-12.681724212751615
-13.862094545262288
-15.228612256490022
-12.026589088106324
-6.381806607272048
-7.004264903567566
-2.6799896077043437
0.0
-0.6338916108814551
-1.5408480545100163
-2.660831188534668
-3.8035411768042486
0.0
-0.0733996712336561
-0.12589176338126212
0.0
0.0
-1.341269137092748
0.0
0.0
0.0
0.0
0.0
0.0
0.0
0.0
0.0
-0.31206557688665265
-0.8785407084993624
-1.160343169372559
0.0
-0.34916070584217224
-0.7119115952027173
0.0
-0.8350302331243542
-1.7930661075318466
-2.709385941323797
-3.5958930802407836
-1.4214768233086699
0.0
0.0
0.0
0.0
0.0
0.0
0.0
0.0
0.0
0.0
0.0
0.0
0.0
0.0
0.0
0.0
0.0
0.0
0.0
0.0
0.0
0.0
0.0
0.0
0.0
0.0
0.0
0.0
0.0
0.0
0.0
0.0
0.0
0.0
0.0
0.0
0.0
0.0
0.0
0.0
0.0
0.0
0.0
0.0
0.0
0.0
0.0
0.0
0.0
0.0
0.0
0.0
0.0
0.0
0.0
0.0
0.0
0.0
0.0
0.0
0.0
0.0
0.0
0.0
0.0
0.0
0.0
0.0
0.0
0.0
0.0
0.0
0.0
0.0
0.0
0.0
0.0
0.0
0.0
0.0
0.0
0.0
0.0
0.0
0.0
0.0
0.0
0.0
0.0
0.0
0.0
0.0
0.0
0.0
0.0
0.0
0.0
0.0
0.0
0.0
0.0
0.0
0.0
0.0
0.0
0.0
0.0
0.0
0.0
0.0
0.0
0.0
0.0
0.0
0.0
0.0
0.0
0.0
0.0
0.0
0.0
0.0
0.0
0.0
0.0
0.0
0.0
0.0
0.0
0.0
0.0
0.0
0.0
0.0
0.0
0.0
0.0
0.0
0.0
0.0
0.0
0.0
0.0
0.0
0.0
0.0
0.0
0.0
0.0
0.0
0.0
0.0
0.0
0.0
0.0
0.0
0.0
0.0
0.0
0.0
0.0
0.0
0.0
0.0
0.0
0.0
0.0
0.0
0.0
0.0
0.0
0.0
0.0
0.0
0.0
0.0
0.0
0.0
0.0
0.0
0.0
0.0
0.0
0.0
0.0
0.0
0.0
0.0
0.0
0.0
0.0
0.0
0.0
0.0
0.0
0.0
0.0
0.0
0.0
0.0
0.0
0.0
0.0
0.0
0.0
0.0
0.0
0.0
0.0
0.0
0.0
0.0
0.0
0.0
0.0
0.0
0.0
0.0
0.0
0.0
0.0
0.0
0.0
0.0
0.0
0.0
0.0
0.0
0.0
0.0
0.0
0.0
0.0
0.0
0.0
-0.2571055264580108
-0.36546929383669247
0.0
0.0
0.0
0.0
0.0
0.0
0.0
0.0
0.0
0.0
0.0
0.0
0.0
0.0
0.0
0.0
0.0
0.0
-0.16184480578284766
0.0
0.0
0.0
0.0
0.0
-0.12280592635082943
0.0
0.0
0.0
0.0
0.0
0.0
0.0
0.0
-0.717160381555107
-1.6062410716790239
-2.232567449076062
-1.9527588265690168
0.0
0.0
0.0
-0.6419591561790159
-0.8951434709643502
-1.0187979014804402
-1.3977412171909467
-1.7766845329014531
-1.9003389634175432
-1.9653251216152654
-1.9710119715247592
-1.9318276195206323
-2.142232124489214
-2.28045141930279
-2.0893906028992455
0.0
-1.406432008254203
-2.189787999734067
-3.7624483710169203
-5.020584442632771
-6.413660922963755
-7.771755574879645
-8.207994532361772
-9.555602934269984
-10.521363754010743
-10.527764910396264
-11.90558797886999
-13.328770007688242
-14.779955286993792
-9.290322252209595
-10.61171313313067
-9.416539348812357
-10.831956491384933
-12.25258589131086
-13.70377117061641
-15.173018180330178
-10.834476423513447
-12.312295781542826
-13.965295903701929
-15.871629851104446
-16.866036036285845
-18.85500976656203
-21.097986967808932
-23.226284371820245
-25.21525810209643
-25.64318958130413
-27.45357767802137
-29.442551408297557
-31.48201943434531
-33.58098970379814
-35.415571123108045
-37.083778962817505
-38.94367197853212
-40.51953979344036
-41.85661282472507
-42.229119670191594
-34.28222149309327
-31.60383861269404
-31.918744172873968
-30.073320363280985
-12.315767492404927
-12.458336119310967
-12.902182548290563
-13.549760820301165
-9.722189353727586
-5.9793303589295945
-6.3566779175393915
-6.917361794592012
-5.4166451612916
-6.292411152175437
-7.069665235677837
-5.785917911032774
-6.693712049008753
-7.650280695204183
-8.904198551313689
-10.272713485755624
-11.630805964708124
-13.040424275111244
-14.398516754063744
-15.681923454673901
-16.768377637740087
-17.76020207671552
-18.649309509434282
-9.270487073965482
0.0
-0.7595481197089613
-1.5627433398638013
0.0
0.0
0.0
0.0
-0.2849032952072074
-0.7208649324647982
-1.3049009122644324
-1.7432638754963792
-2.3121574178936717
-2.968929960279983
-3.5826255985818505
-4.210859375391774
-4.824555013693642
-5.393448556090934
-6.012391829321811
-6.628726102516448
-7.150793610322869
-6.9304816565360845
-6.91558048439939
-6.91558048439939
-6.91558048439939
-6.91558048439939
-6.907120906301153
-4.714435646182016
-4.766096693288452
-4.75581325127712
-4.75581325127712
-4.646067086413915
-4.646067086413915
-4.646067086413915
-4.646067086413915
-4.56912124374162
-4.527385787821962
-4.489340139478206
-3.714831058758886
-3.0253476887464017
-2.9536044602690787
0.0
0.0
0.0
0.0
0.0
0.0
0.0
0.0
0.0
0.0
0.0
0.0
0.0
0.0
0.0
0.0
0.0
0.0
0.0
0.0
0.0
0.0
0.0
0.0
0.0
0.0
0.0
0.0
0.0
0.0
0.0
0.0
0.0
0.0
0.0
0.0
0.0
0.0
0.0
0.0
0.0
0.0
0.0
0.0
0.0
0.0
0.0
0.0
0.0
0.0
0.0
0.0
0.0
0.0
0.0
0.0
0.0
0.0
0.0
0.0
0.0
0.0
0.0
0.0
0.0
0.0
0.0
0.0
0.0
0.0
0.0
0.0
0.0
0.0
0.0
0.0
0.0
0.0
0.0
0.0
0.0
0.0
0.0
0.0
0.0
0.0
0.0
0.0
0.0
0.0
0.0
0.0
0.0
0.0
0.0
0.0
0.0
0.0
0.0
0.0
0.0
0.0
0.0
0.0
0.0
0.0
0.0
0.0
0.0
0.0
0.0
0.0
0.0
0.0
0.0
0.0
0.0
0.0
0.0
0.0
0.0
0.0
0.0
0.0
0.0
0.0
0.0
0.0
0.0
0.0
0.0
0.0
0.0
0.0
0.0
0.0
0.0
0.0
0.0
0.0
0.0
0.0
0.0
0.0
0.0
0.0
0.0
0.0
0.0
0.0
0.0
0.0
-0.040832612192388595
0.0
0.0
0.0
-0.058695629917544734
-0.35522168929740455
-0.35522168929740455
-0.1042636570723457
-0.1042636570723457
-0.1042636570723457
-0.06418516647795156
0.0
0.0
0.0
0.0
0.0
0.0
0.0
0.0
0.0
0.0
0.0
0.0
0.0
0.0
0.0
0.0
0.0
0.0
0.0
0.0
0.0
0.0
0.0
0.0
0.0
0.0
0.0
-0.8683822004325021
-1.7306364295340124
-1.533702209457768
-2.2114862569002742
0.0
0.0
0.0
0.0
-0.7003749152353607
0.0
0.0
0.0
-0.022862012226457062
0.0
0.0
-0.38525586314965155
-1.1460671108830804
-1.8473604806162842
0.0
0.0
0.0
-1.1702035940338151
-2.5842726177299236
-3.2046244392536494
-4.347838611578146
-5.9124999181392806
-5.395932762726078
-5.239284699664497
0.0
0.0
0.0
0.0
0.0
0.0
-0.18994165834408172
-2.182646480277851
-4.277406126293304
-6.5472637744802515
-8.748148566736782
-10.852481088296502
-13.124718877935006
-15.429585647009286
-17.657844443845764
-19.930082233484267
-19.434196057200605
-21.79279567032541
-23.954021591317172
-24.505060355527274
-20.65763816324682
-18.75146766695748
-20.528267422743486
-16.992257877472333
-18.895273651674927
-12.120880415231387
-3.4767206304810223
-5.155634908030462
-6.740895290473492
-1.4794965463904228
-3.478858297743912
-5.357300836418738
-7.48450735003076
-9.167519382585834
-11.283308648798426
-12.655602945029864
-14.794187678463032
-16.277473594977977
-16.99625665858874
-19.08909245860158
-21.227677192034747
-23.44485418425187
-24.622191935617806
-25.644239046301795
-27.775797756436248
-29.35005318855549
-27.805307399702752
-24.385015540867947
-24.228604141770155
-15.571606547435081
-7.702850220681419
-6.499591246156126
-5.182143289898226
-5.379420259819829
-5.331322768235972
-1.387260387135791
0.0
0.0
-0.7110446940343575
0.0
-0.311509353658335
0.0
0.0
0.0
0.0
0.0
-0.5008431478776286
0.0
-0.600492753691191
-1.3795144556408332
0.0
0.0
-0.233403578890583
-0.8895415084170175
-1.7725945464852342
-2.4703511531362117
-2.9835646674027947
-4.036558486594892
-5.105033018560709
-4.3025015257545665
-5.380788694616202
-6.777281428658305
-8.103635926419253
-9.376940118468374
-6.828503581406736
-6.936074477829072
-4.201032126961012
-4.676938750260786
-5.791802286817555
-7.043412918246666
-8.390566128021566
-9.63121605153282
-10.861149515474906
-12.21861929576011
-6.844313351630589
-2.42862187004002
-2.7199227048539543
-2.935400486981127
-3.6337543465518043
0.0
-0.09899630089511569
-1.1517549779156377
-2.005029806486504
-2.965475032172698
-4.106550864380983
-4.990907973767428
-5.8275052506675795
-4.671406427793366
0.0
-0.4661995748425459
-1.2150251947838413
-1.7705527970299286
-2.623588055771126
-3.4783289722213198
-4.134561773034867
-4.883867022518585
-5.133868991790555
-5.6272805121213505
-6.054103162042338
-6.480925811963326
-7.0661554299801566
-7.621683032226244
-8.331895757436097
-8.718790049852965
-9.325839130824628
-8.511941574008949
-8.511941574008949
-8.511941574008949
-8.677387531216304
-4.0833706603943805
-1.7629480434060998
-1.7629480434060998
-1.7629480434060998
-1.7629480434060998
-1.7629480434060998
-1.7629480434060998
-1.7629480434060998
-1.7629480434060998
-1.7629480434060998
-1.7629480434060998
-1.7629480434060998
-1.7629480434060998
-1.7629480434060998
-1.6112643618330003
-1.6112643618330003
-1.2761911030128172
-1.2761911030128172
-1.2761911030128172
-1.2761911030128172
-1.2761911030128172
-1.2761911030128172
-1.2761911030128172
-1.2761911030128172
-1.2761911030128172
-1.2761911030128172
-1.2761911030128172
-1.2761911030128172
-1.251512535930573
-1.1686607439989378
-1.1686607439989378
-1.1686607439989378
-1.1686607439989378
-1.1655742360277253
-1.157126594806376
-1.157126594806376
-1.157126594806376
-1.1053990569308083
-1.1053990569308083
-1.1053990569308083
-1.1053990569308083
-1.1053990569308083
-1.1053990569308083
-1.1053990569308083
-1.1053990569308083
-1.1053990569308083
-1.1053990569308083
-1.1053990569308083
-1.1053990569308083
-1.1053990569308083
-1.1053990569308083
-1.1053990569308083
-1.1053990569308083
-1.1053990569308083
-1.1053990569308083
-1.1053990569308083
-1.1053990569308083
-1.1053990569308083
-1.1053990569308083
-1.1053990569308083
-1.1053990569308083
-1.1053990569308083
-1.1053990569308083
-1.1053990569308083
-1.1053990569308083
-1.1053990569308083
-1.1053990569308083
-1.1053990569308083
-1.1053990569308083
-1.1053990569308083
-1.1053990569308083
-1.1053990569308083
-1.1053990569308083
-1.1053990569308083
-1.1053990569308083
-1.1053990569308083
-1.1053990569308083
-1.1053990569308083
-1.1053990569308083
-1.1053990569308083
-1.1053990569308083
-1.1053990569308083
-1.1053990569308083
-1.1053990569308083
-1.1053990569308083
-1.1053990569308083
-1.1053990569308083
-1.1053990569308083
-1.1053990569308083
-1.1053990569308083
-1.1053990569308083
-1.1053990569308083
-1.1053990569308083
-1.1053990569308083
-1.1053990569308083
-1.1053990569308083
-1.1053990569308083
-1.1053990569308083
-1.1053990569308083
-1.1053990569308083
-1.1053990569308083
-1.1053990569308083
-1.1053990569308083
-1.1053990569308083
-1.1053990569308083
-1.1053990569308083
-1.1053990569308083
-1.1053990569308083
-1.1053990569308083
-1.1053990569308083
-1.1053990569308083
-1.1053990569308083
-1.1053990569308083
-1.0866365958150936
-0.5502860513168667
-0.5502860513168667
0.0
0.0
0.0
0.0
0.0
0.0
0.0
0.0
0.0
0.0
0.0
0.0
0.0
0.0
0.0
0.0
0.0
0.0
0.0
0.0
0.0
0.0
0.0
0.0
0.0
0.0
0.0
0.0
0.0
0.0
0.0
0.0
0.0
0.0
0.0
0.0
0.0
0.0
0.0
0.0
0.0
0.0
0.0
0.0
0.0
0.0
0.0
0.0
0.0
0.0
0.0
0.0
0.0
0.0
0.0
0.0
0.0
0.0
0.0
0.0
0.0
0.0
0.0
0.0
0.0
0.0
0.0
0.0
0.0
0.0
0.0
0.0
0.0
0.0
0.0
0.0
0.0
0.0
0.0
0.0
0.0
0.0
0.0
0.0
0.0
0.0
0.0
0.0
0.0
-0.453152115238367
0.0
0.0
0.0
-0.39619938181896863
0.0
0.0
0.0
-0.3753253143022022
-0.6750218596264036
0.0
0.0
0.0
0.0
0.0
0.0
0.0
0.0
0.0
0.0
0.0
0.0
0.0
0.0
0.0
0.0
0.0
0.0
0.0
0.0
0.0
0.0
0.0
0.0
-0.4843804717491359
-0.5819044266851637
-0.6057216367976997
-1.1701544433046998
-0.7557321791390118
0.0
0.0
0.0
0.0
0.0
-0.851196431652443
-0.25941074713073364
0.0
0.0
-0.29191174205621895
-0.11742969070994969
-0.07216116318406063
0.0
0.0
0.0
0.0
0.0
0.0
-0.3460636170784439
-0.6700355500487114
0.0
0.0
0.0
0.0
0.0
0.0
0.0
0.0
-0.31469952720456407
0.0
0.0
0.0
-1.0756295710641295
-1.9859647369338247
-2.740413203099831
-0.06994694252966571
0.0
0.0
-0.5198492468681382
0.0
0.0
0.0
-0.9685362119490935
0.0
0.0
0.0
-0.5565704473676419
-0.9714496867152441
-1.420075544531025
0.0
0.0
-0.4312354571001977
-1.3550695019791497
-2.3087630397216516
-3.220587284195317
-3.791894212349545
-4.517812941051387
-5.765421818782731
-0.7985563087854439
-1.5457183162678687
0.0
0.0
-0.5412982404074486
-1.9771372493302062
-0.5154822469077964
-1.7974303042725936
-3.1409063209382166
-4.5478617316504675
-5.504422409473636
-6.569993881969085
0.0
-1.3973850809836434
-2.7775757794799385
-4.122165913918384
0.0
0.0
-1.4518836088612983
-2.8492686898449415
-4.201674445961842
-5.5923690766518055
-6.983063707341769
-0.9053541722879075
0.0
0.0
-1.3412540851866075
-2.619262732536649
-3.761932817842774
-4.990642607515849
-5.247466408168803
-6.03327214006432
-7.175942225370445
-8.344352742641373
-8.173228909719079
-8.95385399805818
-9.625013466194538
-10.375424711438061
-10.954651805870864
-11.632821439889955
-12.560361682739543
-2.755919257295231
0.0
0.0
0.0
0.0
-0.1187628083791714
-0.21763753723386192
-0.019421767360609743
-0.5661715718451895
-0.8202113348504548
-0.9311852092132902
-1.3130818318897135
-1.868868244110217
-2.1176074911175236
-2.1176074911175236
-2.1390898744548728
-2.462663744600755
-2.462663744600755
-2.9530296648471612
-3.3349262875235843
-3.692573836901565
0.0
0.0
0.0
0.0
0.0
0.0
-0.058438847362763446
-0.5148745191119644
-0.9404016609558157
0.0
0.0
0.0
0.0
0.0
0.0
0.0
0.0
0.0
0.0
0.0
0.0
0.0
0.0
0.0
0.0
0.0
0.0
0.0
0.0
0.0
0.0
0.0
0.0
0.0
0.0
0.0
0.0
0.0
0.0
0.0
0.0
0.0
0.0
0.0
0.0
0.0
0.0
0.0
0.0
0.0
0.0
0.0
0.0
0.0
0.0
0.0
0.0
0.0
0.0
0.0
0.0
0.0
0.0
0.0
0.0
0.0
0.0
0.0
0.0
0.0
0.0
0.0
0.0
0.0
0.0
0.0
0.0
0.0
0.0
0.0
0.0
0.0
0.0
0.0
0.0
0.0
0.0
0.0
0.0
0.0
0.0
0.0
0.0
0.0
0.0
0.0
0.0
0.0
0.0
0.0
0.0
0.0
0.0
0.0
0.0
0.0
0.0
0.0
0.0
0.0
0.0
0.0
0.0
0.0
0.0
0.0
0.0
0.0
0.0
0.0
0.0
0.0
0.0
0.0
0.0
0.0
0.0
0.0
0.0
0.0
0.0
0.0
0.0
0.0
0.0
0.0
0.0
0.0
0.0
0.0
0.0
0.0
0.0
0.0
0.0
0.0
0.0
0.0
0.0
0.0
0.0
0.0
0.0
0.0
0.0
0.0
0.0
0.0
0.0
0.0
0.0
0.0
0.0
0.0
0.0
0.0
0.0
0.0
0.0
0.0
0.0
0.0
0.0
0.0
0.0
0.0
0.0
0.0
0.0
0.0
0.0
0.0
0.0
0.0
0.0
0.0
0.0
0.0
0.0
0.0
0.0
0.0
0.0
0.0
0.0
0.0
0.0
0.0
0.0
0.0
0.0
0.0
0.0
0.0
0.0
0.0
0.0
0.0
0.0
0.0
0.0
0.0
0.0
0.0
0.0
0.0
0.0
0.0
0.0
0.0
0.0
0.0
0.0
0.0
0.0
0.0
0.0
0.0
0.0
0.0
0.0
0.0
0.0
0.0
0.0
0.0
0.0
0.0
0.0
0.0
0.0
0.0
0.0
0.0
0.0
0.0
0.0
0.0
0.0
0.0
0.0
0.0
0.0
0.0
0.0
0.0
0.0
0.0
-0.8266444956442416
-1.6927031639630792
0.0
-0.14457864746052218
0.0
0.0
0.0
-0.16013418390751877
0.0
0.0
0.0
0.0
-0.21002791524739678
-1.0776748263253955
0.0
0.0
0.0
0.0
0.0
-1.5302242084329118
-1.62411807465785
-2.9521856252212055
-4.284288125274915
-5.64713509100965
-7.183178930113677
-8.719222769217703
-10.25526660832173
-11.782924969807693
-13.287320744122166
-14.836864935637873
-16.31726366129122
-17.78597835156899
-19.663599763329955
-18.88907816831163
-10.003081104439739
-11.351971367077025
-6.539518138533137
-4.584476388103958
0.0
0.0
0.0
0.0
-1.7981784960421583
-3.531645553047259
-5.149572934094225
-6.539158342215145
-7.586268300913426
-9.043426435395547
-10.526449135578114
-12.047029779931979
-13.437580869609524
-14.881654866768978
-15.963684459439666
-16.915516248746226
-17.95529050728073
-19.064875863407195
-18.936585213912437
-19.740588047510787
-14.927561833107706
0.0
-0.8596808319381075
0.0
-0.9403405421907639
-2.2083290367851034
0.0
0.0
0.0
-0.32147030263882936
-1.0370111757713714
-1.7394213842676027
-2.698927698742332
-3.963027473967167
-5.392013085982555
-6.575596508232515
-7.884694697374037
-8.158049013472153
0.0
-1.1174638040940175
-2.4265619932355404
-3.580083405368978
-4.794644329868549
-5.235779773002299
0.0
0.0
0.0
-0.489850138588751
-1.2711408690219028
0.0
-0.35809478074688883
-1.270514878678694
-2.2391051419004038
-2.748401495025905
0.0
0.0
-0.4656223843925128
-0.794479476674298
-1.16703205168209
-2.038314029346335
-2.690857320351449
-3.472148050784601
-4.467665342332857
-5.493770455802487
-6.6215716385896375
-7.97947455253307
-8.963177488321854
-8.583932243026576
-8.583932243026576
-8.690681212811384
-4.262663490690096
-4.357452263243003
-4.035456411444915
-4.035456411444915
-4.02983978651654
0.0
0.0
0.0
0.0
0.0
0.0
0.0
0.0
0.0
0.0
0.0
0.0
0.0
0.0
0.0
0.0
0.0
0.0
0.0
0.0
0.0
0.0
0.0
0.0
0.0
0.0
0.0
0.0
0.0
0.0
0.0
0.0
0.0
0.0
0.0
0.0
0.0
0.0
0.0
0.0
0.0
0.0
0.0
0.0
0.0
0.0
0.0
0.0
0.0
0.0
0.0
0.0
0.0
0.0
0.0
0.0
0.0
0.0
0.0
0.0
0.0
0.0
0.0
0.0
0.0
0.0
0.0
0.0
0.0
0.0
0.0
0.0
0.0
0.0
0.0
0.0
0.0
0.0
0.0
0.0
0.0
0.0
0.0
0.0
0.0
0.0
0.0
0.0
0.0
0.0
0.0
0.0
0.0
0.0
0.0
0.0
0.0
0.0
0.0
0.0
0.0
0.0
0.0
0.0
0.0
0.0
0.0
0.0
0.0
0.0
0.0
0.0
0.0
0.0
0.0
0.0
0.0
0.0
0.0
0.0
0.0
0.0
0.0
0.0
0.0
0.0
0.0
0.0
0.0
0.0
0.0
0.0
0.0
0.0
0.0
0.0
0.0
0.0
0.0
0.0
0.0
0.0
0.0
0.0
0.0
0.0
0.0
0.0
0.0
0.0
0.0
0.0
0.0
0.0
0.0
0.0
0.0
0.0
0.0
0.0
0.0
0.0
0.0
0.0
0.0
0.0
0.0
0.0
0.0
0.0
0.0
0.0
0.0
0.0
0.0
0.0
0.0
0.0
0.0
0.0
0.0
0.0
0.0
0.0
0.0
0.0
0.0
0.0
0.0
0.0
0.0
0.0
0.0
0.0
0.0
0.0
0.0
0.0
0.0
0.0
0.0
0.0
0.0
0.0
0.0
0.0
0.0
0.0
0.0
0.0
0.0
0.0
0.0
0.0
0.0
0.0
0.0
0.0
0.0
0.0
0.0
0.0
0.0
0.0
0.0
0.0
0.0
0.0
0.0
0.0
-0.01995960476645242
0.0
0.0
0.0
0.0
0.0
0.0
0.0
0.0
0.0
0.0
0.0
0.0
0.0
0.0
0.0
0.0
0.0
0.0
0.0
0.0
0.0
0.0
0.0
0.0
0.0
0.0
-1.038333069564894
-0.7582959476569158
0.0
-0.7034260716008638
-1.4194070942035986
-1.8021167206282136
-0.05557915127581481
0.0
-0.3261477582589811
0.0
0.0
0.0
-0.20069372570911503
0.0
-1.549940420578857
-2.927420597942959
0.0
0.0
-0.8959678659266894
0.0
0.0
-1.4306507220514695
-1.390225439339361
0.0
-1.4806356689625617
-2.916181766651456
-4.375093738068914
-5.919028345617935
-1.3729948208971416
0.0
-1.4589119714174583
-0.5196589521177559
0.0
-1.0809999999912592
-2.2753328552565053
-3.039894501951922
-3.9821022739275365
-4.085068365347443
-5.501645038521044
-6.760970717362058
-8.320076126379266
-10.07527130917116
-11.27563355523586
-12.610501112530923
-10.310551221338159
-10.945621713603495
-12.603100372664434
-13.449293526085604
-14.237128487794896
-15.599315511263727
-16.891014204924833
-12.830356030121187
-14.173023996754385
-15.594493502386621
-16.92943973064165
-18.406337528302434
-19.79360598129827
-21.180874434294108
-22.591028846094133
-24.121633662432792
-25.598531460093575
-26.36353633786689
-27.610105874852064
-28.850706066566207
-28.67482712601143
-26.859312939430215
-27.22883029546585
-28.09299092951107
-25.723843739675527
-26.803237902436877
-27.991540424115275
-29.20802350822068
-30.51211712554658
-31.910872435675874
-33.462537789262484
-34.76663140658838
-35.98311449069379
-37.22371468240793
-37.96731174402391
-37.96731174402391
-37.96731174402391
-37.96731174402391
-38.547494772116856
-39.72307660412485
-40.85790066817905
-41.928068722844344
-42.89111937899776
-43.748384902355035
-44.59184310080129
-45.038588484336174
-45.76581325721502
-46.46210316367095
-47.14259287529345
-47.75736595319269
-48.51470767597527
-49.14631659212822
-49.96171725685208
-50.76285604298146
-51.07022655644417
-51.37759706990688
-52.27546139762204
-52.198556850972906
-52.25530684839581
-52.25530684839581
-50.66403252126096
-50.13572158864526
-48.20972762718855
-48.10868342412108
-47.94508435565434
-47.28351766330499
-46.85493167335527
-46.85493167335527
-46.85493167335527
-46.85493167335527
-45.83031594062845
-45.5539666509905
-45.60898435624423
-45.4990113225684
-45.71283888736451
-45.71283888736451
-45.07526456295367
-43.714733141050424
-43.714733141050424
-43.714733141050424
-43.714733141050424
-43.714733141050424
-43.714733141050424
-43.714733141050424
-43.64046734667378
-40.508913048679545
-39.77847979344893
-39.77847979344893
-39.77847979344893
-39.77847979344893
-39.77847979344893
-39.77847979344893
-39.77847979344893
-39.77847979344893
-39.77539328547772
-39.77539328547772
-39.77539328547772
-39.77539328547772
-39.77539328547772
-39.77539328547772
-39.77539328547772
-39.77539328547772
-39.77539328547772
-39.77539328547772
-39.77539328547772
-39.77539328547772
-39.77539328547772
-39.77539328547772
-39.77539328547772
-39.77539328547772
-39.77539328547772
-39.77539328547772
-39.77539328547772
-39.77539328547772
-39.77539328547772
-39.77539328547772
-39.77539328547772
-39.77539328547772
0.0
0.0
0.0
0.0
0.0
0.0
0.0
0.0
0.0
0.0
0.0
0.0
0.0
0.0
0.0
0.0
0.0
0.0
0.0
0.0
0.0
0.0
0.0
0.0
0.0
0.0
0.0
0.0
0.0
0.0
0.0
0.0
0.0
0.0
0.0
0.0
0.0
0.0
0.0
0.0
0.0
0.0
0.0
0.0
0.0
0.0
0.0
0.0
0.0
0.0
0.0
0.0
0.0
0.0
0.0
0.0
0.0
0.0
0.0
0.0
0.0
0.0
0.0
0.0
0.0
0.0
0.0
0.0
0.0
0.0
0.0
0.0
0.0
0.0
0.0
0.0
0.0
0.0
0.0
0.0
0.0
0.0
0.0
0.0
0.0
0.0
0.0
0.0
0.0
0.0
0.0
0.0
0.0
0.0
0.0
0.0
0.0
0.0
0.0
0.0
0.0
0.0
0.0
0.0
0.0
0.0
0.0
0.0
0.0
0.0
0.0
0.0
0.0
0.0
0.0
0.0
0.0
0.0
0.0
0.0
0.0
0.0
0.0
0.0
0.0
0.0
0.0
0.0
0.0
0.0
0.0
0.0
0.0
0.0
0.0
0.0
0.0
0.0
0.0
0.0
0.0
0.0
0.0
0.0
0.0
0.0
0.0
0.0
0.0
0.0
0.0
0.0
0.0
0.0
0.0
0.0
0.0
0.0
0.0
0.0
0.0
0.0
0.0
0.0
0.0
0.0
0.0
0.0
0.0
0.0
0.0
0.0
0.0
0.0
0.0
0.0
0.0
0.0
0.0
0.0
0.0
0.0
0.0
0.0
0.0
0.0
0.0
0.0
0.0
0.0
0.0
0.0
0.0
0.0
0.0
0.0
0.0
0.0
0.0
0.0
0.0
0.0
0.0
0.0
0.0
0.0
0.0
0.0
0.0
0.0
0.0
0.0
0.0
0.0
0.0
0.0
0.0
0.0
0.0
0.0
0.0
0.0
0.0
0.0
0.0
0.0
0.0
0.0
0.0
0.0
0.0
0.0
0.0
0.0
0.0
0.0
0.0
0.0
0.0
0.0
0.0
0.0
0.0
0.0
0.0
0.0
0.0
0.0
0.0
0.0
0.0
0.0
0.0
0.0
0.0
0.0
0.0
0.0
0.0
0.0
0.0
0.0
0.0
0.0
0.0
0.0
0.0
0.0
0.0
0.0
0.0
0.0
0.0
0.0
0.0
0.0
0.0
0.0
0.0
0.0
0.0
0.0
0.0
0.0
0.0
0.0
0.0
0.0
0.0
0.0
0.0
0.0
0.0
0.0
0.0
0.0
0.0
0.0
0.0
0.0
0.0
0.0
0.0
0.0
0.0
0.0
0.0
0.0
0.0
0.0
0.0
0.0
0.0
0.0
0.0
0.0
0.0
0.0
0.0
0.0
0.0
0.0
0.0
0.0
0.0
0.0
0.0
0.0
0.0
0.0
0.0
0.0
0.0
0.0
0.0
0.0
0.0
0.0
0.0
0.0
0.0
0.0
0.0
0.0
0.0
0.0
0.0
0.0
0.0
0.0
0.0
0.0
0.0
0.0
0.0
0.0
0.0
0.0
0.0
0.0
0.0
0.0
0.0
0.0
0.0
0.0
0.0
0.0
0.0
0.0
0.0
0.0
0.0
