year,srdef_max
1984.0,-10.426405482451715
1985.0,-5.3962885829234715
1986.0,-9.278819718493121
1987.0,-12.673358160747934
1988.0,-15.903382242029819
1989.0,-24.582170560921007
1990.0,-32.96134589165073
1991.0,-20.79180460061555
1992.0,-35.276795862599684
1993.0,-12.825958191492155
1994.0,-18.869336767048907
1995.0,-13.307361547655137
1996.0,-16.643739969153824
1997.0,-28.00986287748841
1998.0,-6.006001247828644
1999.0,-20.163075430663085
2000.0,-18.683800897666856
2001.0,-36.019517434230224
2002.0,-14.143103997681077
2003.0,-12.92130145690882
2004.0,-16.856451631492938
2005.0,-16.35760960447729
2006.0,-43.55312968411813
2007.0,-39.16582648695454
2008.0,-42.229119670191594
2009.0,-29.35005318855549
2010.0,-12.560361682739543
2011.0,-19.740588047510787
2012.0,-52.27546139762204
